   1.8514745e+00   8.8268527e-01   0.0000000e+00   7.5080155e-02   6.2683908e-01   1.1649535e+00   1.5366750e+00
   1.5366750e+00   1.8514745e+00   8.8268527e-01   3.5160690e-01   7.5080155e-02   6.2683908e-01   1.0607982e+00
   1.0607982e+00   1.5366750e+00   1.8514745e+00  -6.9651254e-01   3.5160690e-01   7.5080155e-02   2.1952520e-01
   2.1952520e-01   1.0607982e+00   1.5366750e+00   1.6961425e+00  -6.9651254e-01   3.5160690e-01   8.1315370e-01
   8.1315370e-01   2.1952520e-01   1.0607982e+00   5.9059778e-02   1.6961425e+00  -6.9651254e-01   1.7478748e+00
   1.7478748e+00   8.1315370e-01   2.1952520e-01   1.7970718e+00   5.9059778e-02   1.6961425e+00   2.3769245e+00
   2.3769245e+00   1.7478748e+00   8.1315370e-01   2.6406853e-01   1.7970718e+00   5.9059778e-02   2.7584893e+00
   2.7584893e+00   2.3769245e+00   1.7478748e+00   8.7167329e-01   2.6406853e-01   1.7970718e+00   2.2816155e+00
   2.2816155e+00   2.7584893e+00   2.3769245e+00  -1.4461715e+00   8.7167329e-01   2.6406853e-01   6.4026991e-01
   6.4026991e-01   2.2816155e+00   2.7584893e+00  -7.0116535e-01  -1.4461715e+00   8.7167329e-01  -1.4109607e+00
  -1.4109607e+00   6.4026991e-01   2.2816155e+00   1.2459821e+00  -7.0116535e-01  -1.4461715e+00  -4.6759811e-01
  -4.6759811e-01  -1.4109607e+00   6.4026991e-01  -6.3897700e-01   1.2459821e+00  -7.0116535e-01   2.8815794e-01
   2.8815794e-01  -4.6759811e-01  -1.4109607e+00   5.7735022e-01  -6.3897700e-01   1.2459821e+00   1.8794821e-01
   1.8794821e-01   2.8815794e-01  -4.6759811e-01  -3.6002963e-01   5.7735022e-01  -6.3897700e-01   2.2461555e-01
   2.2461555e-01   1.8794821e-01   2.8815794e-01  -1.3557629e-01  -3.6002963e-01   5.7735022e-01  -2.4464438e-01
  -2.4464438e-01   2.2461555e-01   1.8794821e-01  -1.3493385e+00  -1.3557629e-01  -3.6002963e-01  -1.2909771e+00
  -1.2909771e+00  -2.4464438e-01   2.2461555e-01  -1.2704499e+00  -1.3493385e+00  -1.3557629e-01  -2.6917860e+00
  -2.6917860e+00  -1.2909771e+00  -2.4464438e-01   9.8457027e-01  -1.2704499e+00  -1.3493385e+00  -1.6663105e+00
  -1.6663105e+00  -2.6917860e+00  -1.2909771e+00  -4.4880614e-02   9.8457027e-01  -1.2704499e+00  -5.4420241e-02
  -5.4420241e-02  -1.6663105e+00  -2.6917860e+00  -7.9894452e-01  -4.4880614e-02   9.8457027e-01  -5.1465175e-01
  -5.1465175e-01  -5.4420241e-02  -1.6663105e+00  -7.6517243e-01  -7.9894452e-01  -4.4880614e-02  -1.4754358e+00
  -1.4754358e+00  -5.1465175e-01  -5.4420241e-02   8.6173490e-01  -7.6517243e-01  -7.9894452e-01  -7.3826027e-01
  -7.3826027e-01  -1.4754358e+00  -5.1465175e-01  -5.6225124e-02   8.6173490e-01  -7.6517243e-01   2.8652830e-01
   2.8652830e-01  -7.3826027e-01  -1.4754358e+00   5.1347817e-01  -5.6225124e-02   8.6173490e-01   5.8865596e-01
   5.8865596e-01   2.8652830e-01  -7.3826027e-01   3.9668087e-01   5.1347817e-01  -5.6225124e-02   9.9227264e-01
   9.9227264e-01   5.8865596e-01   2.8652830e-01   7.5621897e-01   3.9668087e-01   5.1347817e-01   1.4002657e+00
   1.4002657e+00   9.9227264e-01   5.8865596e-01   4.0048602e-01   7.5621897e-01   3.9668087e-01   1.5966923e+00
   1.5966923e+00   1.4002657e+00   9.9227264e-01  -1.3413807e+00   4.0048602e-01   7.5621897e-01   9.8267567e-02
   9.8267567e-02   1.5966923e+00   1.4002657e+00   3.7504102e-01  -1.3413807e+00   4.0048602e-01  -7.8525999e-01
  -7.8525999e-01   9.8267567e-02   1.5966923e+00   1.1251618e+00   3.7504102e-01  -1.3413807e+00   6.5036389e-01
   6.5036389e-01  -7.8525999e-01   9.8267567e-02   7.2864159e-01   1.1251618e+00   3.7504102e-01   1.8429135e+00
   1.8429135e+00   6.5036389e-01  -7.8525999e-01  -2.3774543e+00   7.2864159e-01   1.1251618e+00  -2.3479563e-01
  -2.3479563e-01   1.8429135e+00   6.5036389e-01  -2.7378242e-01  -2.3774543e+00   7.2864159e-01  -2.2590878e+00
  -2.2590878e+00  -2.3479563e-01   1.8429135e+00  -3.2293992e-01  -2.7378242e-01  -2.3774543e+00  -1.7702136e+00
  -1.7702136e+00  -2.2590878e+00  -2.3479563e-01   3.1798792e-01  -3.2293992e-01  -2.7378242e-01  -8.2619150e-01
  -8.2619150e-01  -1.7702136e+00  -2.2590878e+00  -5.1117221e-01   3.1798792e-01  -3.2293992e-01  -4.8711207e-01
  -4.8711207e-01  -8.2619150e-01  -1.7702136e+00  -2.0413453e-03  -5.1117221e-01   3.1798792e-01  -5.9137789e-01
  -5.9137789e-01  -4.8711207e-01  -8.2619150e-01   1.6065110e+00  -2.0413453e-03  -5.1117221e-01   9.0376396e-01
   9.0376396e-01  -5.9137789e-01  -4.8711207e-01   8.4764863e-01   1.6065110e+00  -2.0413453e-03   2.4101104e+00
   2.4101104e+00   9.0376396e-01  -5.9137789e-01   2.6810081e-01   8.4764863e-01   1.6065110e+00   2.1738334e+00
   2.1738334e+00   2.4101104e+00   9.0376396e-01  -9.2348909e-01   2.6810081e-01   8.4764863e-01   5.6079536e-01
   5.6079536e-01   2.1738334e+00   2.4101104e+00  -7.0499388e-02  -9.2348909e-01   2.6810081e-01  -5.9402039e-01
  -5.9402039e-01   5.6079536e-01   2.1738334e+00   1.4789135e-01  -7.0499388e-02  -9.2348909e-01  -3.4152728e-01
  -3.4152728e-01  -5.9402039e-01   5.6079536e-01  -5.5709364e-01   1.4789135e-01  -7.0499388e-02  -4.5501561e-01
  -4.5501561e-01  -3.4152728e-01  -5.9402039e-01  -3.3670570e-01  -5.5709364e-01   1.4789135e-01  -9.0194846e-01
  -9.0194846e-01  -4.5501561e-01  -3.4152728e-01   4.1522746e-01  -3.3670570e-01  -5.5709364e-01  -4.2875250e-01
  -4.2875250e-01  -9.0194846e-01  -4.5501561e-01   1.5578135e+00   4.1522746e-01  -3.3670570e-01   1.3135421e+00
   1.3135421e+00  -4.2875250e-01  -9.0194846e-01  -2.4442989e+00   1.5578135e+00   4.1522746e-01   1.0780197e-01
   1.0780197e-01   1.3135421e+00  -4.2875250e-01  -1.0981954e+00  -2.4442989e+00   1.5578135e+00  -2.6771057e+00
  -2.6771057e+00   1.0780197e-01   1.3135421e+00   1.1226479e+00  -1.0981954e+00  -2.4442989e+00  -1.5642228e+00
  -1.5642228e+00  -2.6771057e+00   1.0780197e-01   5.8166726e-01   1.1226479e+00  -1.0981954e+00   5.9096038e-01
   5.9096038e-01  -1.5642228e+00  -2.6771057e+00  -2.7135430e-01   5.8166726e-01   1.1226479e+00   7.1741032e-01
   7.1741032e-01   5.9096038e-01  -1.5642228e+00   4.1419131e-01  -2.7135430e-01   5.8166726e-01   4.7744033e-01
   4.7744033e-01   7.1741032e-01   5.9096038e-01  -9.7781423e-01   4.1419131e-01  -2.7135430e-01  -2.2341799e-01
  -2.2341799e-01   4.7744033e-01   7.1741032e-01  -1.0214662e+00  -9.7781423e-01   4.1419131e-01  -1.6615002e+00
  -1.6615002e+00  -2.2341799e-01   4.7744033e-01   3.1768798e-01  -1.0214662e+00  -9.7781423e-01  -1.4760259e+00
  -1.4760259e+00  -1.6615002e+00  -2.2341799e-01   1.5161078e+00   3.1768798e-01  -1.0214662e+00   6.5999383e-01
   6.5999383e-01  -1.4760259e+00  -1.6615002e+00   7.4943245e-01   1.5161078e+00   3.1768798e-01   2.2072352e+00
   2.2072352e+00   6.5999383e-01  -1.4760259e+00  -5.0770039e-01   7.4943245e-01   1.5161078e+00   1.4115333e+00
   1.4115333e+00   2.2072352e+00   6.5999383e-01   8.8529945e-01  -5.0770039e-01   7.4943245e-01   9.2899940e-01
   9.2899940e-01   1.4115333e+00   2.2072352e+00  -2.4809355e-01   8.8529945e-01  -5.0770039e-01   8.8168063e-01
   8.8168063e-01   9.2899940e-01   1.4115333e+00  -7.2624900e-01  -2.4809355e-01   8.8529945e-01  -2.8449015e-01
  -2.8449015e-01   8.8168063e-01   9.2899940e-01  -4.4504030e-01  -7.2624900e-01  -2.4809355e-01  -1.1213479e+00
  -1.1213479e+00  -2.8449015e-01   8.8168063e-01  -6.1291112e-01  -4.4504030e-01  -7.2624900e-01  -1.4277914e+00
  -1.4277914e+00  -1.1213479e+00  -2.8449015e-01  -2.0914408e-01  -6.1291112e-01  -4.4504030e-01  -1.3490556e+00
  -1.3490556e+00  -1.4277914e+00  -1.1213479e+00   5.6214783e-01  -2.0914408e-01  -6.1291112e-01  -3.9869291e-01
  -3.9869291e-01  -1.3490556e+00  -1.4277914e+00  -1.0639229e+00   5.6214783e-01  -2.0914408e-01  -5.0846247e-01
  -5.0846247e-01  -3.9869291e-01  -1.3490556e+00   3.5158895e-01  -1.0639229e+00   5.6214783e-01  -7.7848583e-01
  -7.7848583e-01  -5.0846247e-01  -3.9869291e-01   1.1329999e+00   3.5158895e-01  -1.0639229e+00   6.9301948e-01
   6.9301948e-01  -7.7848583e-01  -5.0846247e-01   1.4999425e-01   1.1329999e+00   3.5158895e-01   1.4311306e+00
   1.4311306e+00   6.9301948e-01  -7.7848583e-01   7.0314405e-01   1.4999425e-01   1.1329999e+00   1.4275031e+00
   1.4275031e+00   1.4311306e+00   6.9301948e-01  -5.2411585e-02   7.0314405e-01   1.4999425e-01   1.1862534e+00
   1.1862534e+00   1.4275031e+00   1.4311306e+00   2.0184961e+00  -5.2411585e-02   7.0314405e-01   2.0687527e+00
   2.0687527e+00   1.1862534e+00   1.4275031e+00   9.2415940e-01   2.0184961e+00  -5.2411585e-02   3.2964220e+00
   3.2964220e+00   2.0687527e+00   1.1862534e+00  -1.8141147e+00   9.2415940e-01   2.0184961e+00   1.0774509e+00
   1.0774509e+00   3.2964220e+00   2.0687527e+00   3.4973320e-02  -1.8141147e+00   9.2415940e-01  -9.6767393e-01
  -9.6767393e-01   1.0774509e+00   3.2964220e+00  -1.8078621e+00   3.4973320e-02  -1.8141147e+00  -2.0190145e+00
  -2.0190145e+00  -9.6767393e-01   1.0774509e+00   1.0281925e+00  -1.8078621e+00   3.4973320e-02  -1.6397350e+00
  -1.6397350e+00  -2.0190145e+00  -9.6767393e-01   3.9460031e-01   1.0281925e+00  -1.8078621e+00   2.5676153e-01
   2.5676153e-01  -1.6397350e+00  -2.0190145e+00   6.3940564e-01   3.9460031e-01   1.0281925e+00   1.0837565e+00
   1.0837565e+00   2.5676153e-01  -1.6397350e+00   8.7421289e-01   6.3940564e-01   3.9460031e-01   1.7408905e+00
   1.7408905e+00   1.0837565e+00   2.5676153e-01   1.7524017e+00   8.7421289e-01   6.3940564e-01   2.9008645e+00
   2.9008645e+00   1.7408905e+00   1.0837565e+00  -3.2005083e-01   1.7524017e+00   8.7421289e-01   2.6035057e+00
   2.6035057e+00   2.9008645e+00   1.7408905e+00  -1.3741381e-01  -3.2005083e-01   1.7524017e+00   9.4498257e-01
   9.4498257e-01   2.6035057e+00   2.9008645e+00   6.1576963e-01  -1.3741381e-01  -3.2005083e-01   6.8479626e-01
   6.8479626e-01   9.4498257e-01   2.6035057e+00   9.7789407e-01   6.1576963e-01  -1.3741381e-01   1.5198722e+00
   1.5198722e+00   6.8479626e-01   9.4498257e-01  -1.1153477e+00   9.7789407e-01   6.1576963e-01   7.1548657e-01
   7.1548657e-01   1.5198722e+00   6.8479626e-01  -5.5002145e-01  -1.1153477e+00   9.7789407e-01  -9.4675919e-01
  -9.4675919e-01   7.1548657e-01   1.5198722e+00   3.9884853e-02  -5.5002145e-01  -1.1153477e+00  -1.0045508e+00
  -1.0045508e+00  -9.4675919e-01   7.1548657e-01  -2.4828425e+00   3.9884853e-02  -5.5002145e-01  -2.3544797e+00
  -2.3544797e+00  -1.0045508e+00  -9.4675919e-01   1.1586547e+00  -2.4828425e+00   3.9884853e-02  -2.2432531e+00
  -2.2432531e+00  -2.3544797e+00  -1.0045508e+00  -1.0262795e+00   1.1586547e+00  -2.4828425e+00  -1.0545403e+00
  -1.0545403e+00  -2.2432531e+00  -2.3544797e+00   1.1534870e+00  -1.0262795e+00   1.1586547e+00  -2.8621401e-01
  -2.8621401e-01  -1.0545403e+00  -2.2432531e+00  -7.8645661e-01   1.1534870e+00  -1.0262795e+00   1.6005540e-01
   1.6005540e-01  -2.8621401e-01  -1.0545403e+00   6.3480859e-01  -7.8645661e-01   1.1534870e+00   3.2012208e-02
   3.2012208e-02   1.6005540e-01  -2.8621401e-01   8.2040976e-01   6.3480859e-01  -7.8645661e-01   1.0810952e+00
   1.0810952e+00   3.2012208e-02   1.6005540e-01  -1.7602651e-01   8.2040976e-01   6.3480859e-01   1.1120527e+00
   1.1120527e+00   1.0810952e+00   3.2012208e-02   5.6247387e-01  -1.7602651e-01   8.2040976e-01   8.5705736e-01
   8.5705736e-01   1.1120527e+00   1.0810952e+00  -1.2744288e-01   5.6247387e-01  -1.7602651e-01   7.1921682e-01
   7.1921682e-01   8.5705736e-01   1.1120527e+00   5.5417156e-01  -1.2744288e-01   5.6247387e-01   6.8031226e-01
   6.8031226e-01   7.1921682e-01   8.5705736e-01  -1.0973443e+00   5.5417156e-01  -1.2744288e-01  -8.9093247e-02
  -8.9093247e-02   6.8031226e-01   7.1921682e-01  -7.3130140e-01  -1.0973443e+00   5.5417156e-01  -1.4684075e+00
  -1.4684075e+00  -8.9093247e-02   6.8031226e-01   1.4047319e+00  -7.3130140e-01  -1.0973443e+00  -3.3835932e-01
  -3.3835932e-01  -1.4684075e+00  -8.9093247e-02  -6.2021421e-01   1.4047319e+00  -7.3130140e-01   4.9624363e-01
   4.9624363e-01  -3.3835932e-01  -1.4684075e+00   2.3714877e-01  -6.2021421e-01   1.4047319e+00   5.5731643e-02
   5.5731643e-02   4.9624363e-01  -3.3835932e-01  -1.5868470e+00   2.3714877e-01  -6.2021421e-01  -1.0520317e+00
  -1.0520317e+00   5.5731643e-02   4.9624363e-01  -4.0148481e-01  -1.5868470e+00   2.3714877e-01  -2.0900957e+00
  -2.0900957e+00  -1.0520317e+00   5.5731643e-02  -7.7069227e-01  -4.0148481e-01  -1.5868470e+00  -2.0269416e+00
  -2.0269416e+00  -2.0900957e+00  -1.0520317e+00  -2.6268051e-01  -7.7069227e-01  -4.0148481e-01  -1.7690885e+00
  -1.7690885e+00  -2.0269416e+00  -2.0900957e+00   9.7648954e-01  -2.6268051e-01  -7.7069227e-01  -3.2140510e-01
  -3.2140510e-01  -1.7690885e+00  -2.0269416e+00   9.7781504e-01   9.7648954e-01  -2.6268051e-01   1.4251818e+00
   1.4251818e+00  -3.2140510e-01  -1.7690885e+00   1.1700211e+00   9.7781504e-01   9.7648954e-01   2.4767643e+00
   2.4767643e+00   1.4251818e+00  -3.2140510e-01   1.5931086e-01   1.1700211e+00   9.7781504e-01   2.3120751e+00
   2.3120751e+00   2.4767643e+00   1.4251818e+00   4.9952085e-01   1.5931086e-01   1.1700211e+00   1.6409657e+00
   1.6409657e+00   2.3120751e+00   2.4767643e+00  -1.0553751e+00   4.9952085e-01   1.5931086e-01   3.2798567e-01
   3.2798567e-01   1.6409657e+00   2.3120751e+00  -4.5074320e-01  -1.0553751e+00   4.9952085e-01  -1.0631132e+00
  -1.0631132e+00   3.2798567e-01   1.6409657e+00   1.2703782e+00  -4.5074320e-01  -1.0553751e+00  -2.9291321e-02
  -2.9291321e-02  -1.0631132e+00   3.2798567e-01   8.9869360e-01   1.2703782e+00  -4.5074320e-01   1.6968803e+00
   1.6968803e+00  -2.9291321e-02  -1.0631132e+00   4.3870510e-01   8.9869360e-01   1.2703782e+00   2.0035519e+00
   2.0035519e+00   1.6968803e+00  -2.9291321e-02  -1.2473443e+00   4.3870510e-01   8.9869360e-01   4.0428878e-01
   4.0428878e-01   2.0035519e+00   1.6968803e+00   3.2466692e-01  -1.2473443e+00   4.3870510e-01  -6.1073726e-01
  -6.1073726e-01   4.0428878e-01   2.0035519e+00   3.9007041e-01   3.2466692e-01  -1.2473443e+00   1.3315284e-01
   1.3315284e-01  -6.1073726e-01   4.0428878e-01  -4.0513832e-01   3.9007041e-01   3.2466692e-01   1.2306172e-01
   1.2306172e-01   1.3315284e-01  -6.1073726e-01   2.9231488e-01  -4.0513832e-01   3.9007041e-01  -1.6199386e-02
  -1.6199386e-02   1.2306172e-01   1.3315284e-01   2.5659102e+00   2.9231488e-01  -4.0513832e-01   2.1340054e+00
   2.1340054e+00  -1.6199386e-02   1.2306172e-01  -4.5781564e-01   2.5659102e+00   2.9231488e-01   2.8025209e+00
   2.8025209e+00   2.1340054e+00  -1.6199386e-02  -1.6108270e+00  -4.5781564e-01   2.5659102e+00  -8.2789086e-02
  -8.2789086e-02   2.8025209e+00   2.1340054e+00  -2.6695238e+00  -1.6108270e+00  -4.5781564e-01  -3.5184504e+00
  -3.5184504e+00  -8.2789086e-02   2.8025209e+00  -7.5969665e-01  -2.6695238e+00  -1.6108270e+00  -4.6046333e+00
  -4.6046333e+00  -3.5184504e+00  -8.2789086e-02  -6.7472086e-01  -7.5969665e-01  -2.6695238e+00  -3.4746108e+00
  -3.4746108e+00  -4.6046333e+00  -3.5184504e+00  -1.1716872e+00  -6.7472086e-01  -7.5969665e-01  -3.0167994e+00
  -3.0167994e+00  -3.4746108e+00  -4.6046333e+00   2.0329300e+00  -1.1716872e+00  -6.7472086e-01  -7.9851532e-01
  -7.9851532e-01  -3.0167994e+00  -3.4746108e+00   9.6848105e-01   2.0329300e+00  -1.1716872e+00   2.0153490e+00
   2.0153490e+00  -7.9851532e-01  -3.0167994e+00   6.7029200e-01   9.6848105e-01   2.0329300e+00   2.4897603e+00
   2.4897603e+00   2.0153490e+00  -7.9851532e-01   4.2014604e-01   6.7029200e-01   9.6848105e-01   2.0901141e+00
   2.0901141e+00   2.4897603e+00   2.0153490e+00  -2.8727513e+00   4.2014604e-01   6.7029200e-01  -8.5637285e-01
  -8.5637285e-01   2.0901141e+00   2.4897603e+00   1.6858741e+00  -2.8727513e+00   4.2014604e-01  -1.5212241e+00
  -1.5212241e+00  -8.5637285e-01   2.0901141e+00   2.7924554e-02   1.6858741e+00  -2.8727513e+00   4.2654831e-01
   4.2654831e-01  -1.5212241e+00  -8.5637285e-01  -9.0203058e-01   2.7924554e-02   1.6858741e+00  -2.5108801e-01
  -2.5108801e-01   4.2654831e-01  -1.5212241e+00  -2.0532575e+00  -9.0203058e-01   2.7924554e-02  -2.4171495e+00
  -2.4171495e+00  -2.5108801e-01   4.2654831e-01   8.9086298e-02  -2.0532575e+00  -9.0203058e-01  -2.8491560e+00
  -2.8491560e+00  -2.4171495e+00  -2.5108801e-01   2.0870991e+00   8.9086298e-02  -2.0532575e+00   1.7651624e-01
   1.7651624e-01  -2.8491560e+00  -2.4171495e+00   3.6511846e-01   2.0870991e+00   8.9086298e-02   2.1763181e+00
   2.1763181e+00   1.7651624e-01  -2.8491560e+00   8.4610553e-01   3.6511846e-01   2.0870991e+00   2.1813947e+00
   2.1813947e+00   2.1763181e+00   1.7651624e-01  -1.8453766e-01   8.4610553e-01   3.6511846e-01   1.5631448e+00
   1.5631448e+00   2.1813947e+00   2.1763181e+00   1.0307144e+00  -1.8453766e-01   8.4610553e-01   1.3788336e+00
   1.3788336e+00   1.5631448e+00   2.1813947e+00  -1.5276227e+00   1.0307144e+00  -1.8453766e-01   2.7261133e-01
   2.7261133e-01   1.3788336e+00   1.5631448e+00   9.6493896e-01  -1.5276227e+00   1.0307144e+00  -3.4344768e-01
  -3.4344768e-01   2.7261133e-01   1.3788336e+00   5.2616250e-01   9.6493896e-01  -1.5276227e+00   8.7007359e-01
   8.7007359e-01  -3.4344768e-01   2.7261133e-01  -1.8445412e-01   5.2616250e-01   9.6493896e-01   8.0539095e-01
   8.0539095e-01   8.7007359e-01  -3.4344768e-01   1.9878283e-01  -1.8445412e-01   5.2616250e-01   4.0923044e-01
   4.0923044e-01   8.0539095e-01   8.7007359e-01   1.5904268e+00   1.9878283e-01  -1.8445412e-01   1.5179407e+00
   1.5179407e+00   4.0923044e-01   8.0539095e-01   3.2191640e-02   1.5904268e+00   1.9878283e-01   2.0555694e+00
   2.0555694e+00   1.5179407e+00   4.0923044e-01   8.8916367e-01   3.2191640e-02   1.5904268e+00   1.7824388e+00
   1.7824388e+00   2.0555694e+00   1.5179407e+00  -1.2991525e+00   8.8916367e-01   3.2191640e-02   5.3064890e-01
   5.3064890e-01   1.7824388e+00   2.0555694e+00   1.1825731e+00  -1.2991525e+00   8.8916367e-01   1.0408477e-01
   1.0408477e-01   5.3064890e-01   1.7824388e+00   1.8174717e+00   1.1825731e+00  -1.2991525e+00   2.2522729e+00
   2.2522729e+00   1.0408477e-01   5.3064890e-01  -5.8430213e-01   1.8174717e+00   1.1825731e+00   2.2269092e+00
   2.2269092e+00   2.2522729e+00   1.0408477e-01  -1.0106738e+00  -5.8430213e-01   1.8174717e+00  -7.9586674e-02
  -7.9586674e-02   2.2269092e+00   2.2522729e+00  -9.6049831e-01  -1.0106738e+00  -5.8430213e-01  -1.7254912e+00
  -1.7254912e+00  -7.9586674e-02   2.2269092e+00   6.9115958e-01  -9.6049831e-01  -1.0106738e+00  -1.1895631e+00
  -1.1895631e+00  -1.7254912e+00  -7.9586674e-02  -7.5861821e-01   6.9115958e-01  -9.6049831e-01  -6.1289810e-01
  -6.1289810e-01  -1.1895631e+00  -1.7254912e+00  -9.6971733e-02  -7.5861821e-01   6.9115958e-01  -8.8020807e-01
  -8.8020807e-01  -6.1289810e-01  -1.1895631e+00  -1.4069490e+00  -9.6971733e-02  -7.5861821e-01  -1.6124800e+00
  -1.6124800e+00  -8.8020807e-01  -6.1289810e-01   1.0308125e+00  -1.4069490e+00  -9.6971733e-02  -1.1229427e+00
  -1.1229427e+00  -1.6124800e+00  -8.8020807e-01  -7.5987440e-01   1.0308125e+00  -1.4069490e+00  -3.4527557e-01
  -3.4527557e-01  -1.1229427e+00  -1.6124800e+00   8.7412723e-01  -7.5987440e-01   1.0308125e+00   1.0735131e-02
   1.0735131e-02  -3.4527557e-01  -1.1229427e+00   7.6112700e-01   8.7412723e-01  -7.5987440e-01   1.2436239e+00
   1.2436239e+00   1.0735131e-02  -3.4527557e-01  -1.6592345e-01   7.6112700e-01   8.7412723e-01   1.1737277e+00
   1.1737277e+00   1.2436239e+00   1.0735131e-02   3.0090744e-01  -1.6592345e-01   7.6112700e-01   6.8623400e-01
   6.8623400e-01   1.1737277e+00   1.2436239e+00  -3.2246733e-01   3.0090744e-01  -1.6592345e-01   2.7368483e-01
   2.7368483e-01   6.8623400e-01   1.1737277e+00  -3.6841128e-01  -3.2246733e-01   3.0090744e-01  -4.1076287e-01
  -4.1076287e-01   2.7368483e-01   6.8623400e-01   1.1478953e+00  -3.6841128e-01  -3.2246733e-01   3.3074488e-01
   3.3074488e-01  -4.1076287e-01   2.7368483e-01   4.1430260e-02   1.1478953e+00  -3.6841128e-01   1.1071987e+00
   1.1071987e+00   3.3074488e-01  -4.1076287e-01  -1.0980497e+00   4.1430260e-02   1.1478953e+00  -1.7060758e-01
  -1.7060758e-01   1.1071987e+00   3.3074488e-01   1.5667237e+00  -1.0980497e+00   4.1430260e-02   1.7495824e-01
   1.7495824e-01  -1.7060758e-01   1.1071987e+00  -1.0484234e+00   1.5667237e+00  -1.0980497e+00   4.7127796e-01
   4.7127796e-01   1.7495824e-01  -1.7060758e-01   4.2272368e-01  -1.0484234e+00   1.5667237e+00  -1.7306118e-01
  -1.7306118e-01   4.7127796e-01   1.7495824e-01  -8.4441438e-01   4.2272368e-01  -1.0484234e+00  -4.8748629e-01
  -4.8748629e-01  -1.7306118e-01   4.7127796e-01  -3.1162976e-01  -8.4441438e-01   4.2272368e-01  -1.1195923e+00
  -1.1195923e+00  -4.8748629e-01  -1.7306118e-01   3.9781048e-01  -3.1162976e-01  -8.4441438e-01  -5.5116551e-01
  -5.5116551e-01  -1.1195923e+00  -4.8748629e-01   1.0497860e+00   3.9781048e-01  -3.1162976e-01   8.6477692e-01
   8.6477692e-01  -5.5116551e-01  -1.1195923e+00  -3.4079556e-01   1.0497860e+00   3.9781048e-01   1.0739933e+00
   1.0739933e+00   8.6477692e-01  -5.5116551e-01   3.3629700e-01  -3.4079556e-01   1.0497860e+00   5.6235352e-01
   5.6235352e-01   1.0739933e+00   8.6477692e-01  -2.2136078e-01   3.3629700e-01  -3.4079556e-01   3.0869578e-01
   3.0869578e-01   5.6235352e-01   1.0739933e+00   1.6649494e-02  -2.2136078e-01   3.3629700e-01  -1.2186310e-02
  -1.2186310e-02   3.0869578e-01   5.6235352e-01  -1.1923612e+00   1.6649494e-02  -2.2136078e-01  -9.2752410e-01
  -9.2752410e-01  -1.2186310e-02   3.0869578e-01  -1.3164630e-01  -1.1923612e+00   1.6649494e-02  -1.5196529e+00
  -1.5196529e+00  -9.2752410e-01  -1.2186310e-02   1.4875243e+00  -1.3164630e-01  -1.1923612e+00   2.1073194e-01
   2.1073194e-01  -1.5196529e+00  -9.2752410e-01  -8.3682123e-01   1.4875243e+00  -1.3164630e-01   7.2324951e-01
   7.2324951e-01   2.1073194e-01  -1.5196529e+00  -1.3009819e+00  -8.3682123e-01   1.4875243e+00  -1.1874391e+00
  -1.1874391e+00   7.2324951e-01   2.1073194e-01   1.5741319e+00  -1.3009819e+00  -8.3682123e-01  -5.4118330e-01
  -5.4118330e-01  -1.1874391e+00   7.2324951e-01   1.1660400e+00   1.5741319e+00  -1.3009819e+00   1.8262486e+00
   1.8262486e+00  -5.4118330e-01  -1.1874391e+00   7.8642969e-01   1.1660400e+00   1.5741319e+00   2.5918720e+00
   2.5918720e+00   1.8262486e+00  -5.4118330e-01  -1.4616388e+00   7.8642969e-01   1.1660400e+00   8.3155618e-01
   8.3155618e-01   2.5918720e+00   1.8262486e+00   1.5544659e+00  -1.4616388e+00   7.8642969e-01   3.6336567e-01
   3.6336567e-01   8.3155618e-01   2.5918720e+00  -5.9753538e-01   1.5544659e+00  -1.4616388e+00   8.2279986e-01
   8.2279986e-01   3.6336567e-01   8.3155618e-01  -1.2105679e+00  -5.9753538e-01   1.5544659e+00  -8.8441693e-01
  -8.8441693e-01   8.2279986e-01   3.6336567e-01  -7.0266880e-01  -1.2105679e+00  -5.9753538e-01  -2.0278379e+00
  -2.0278379e+00  -8.8441693e-01   8.2279986e-01   3.5642939e-01  -7.0266880e-01  -1.2105679e+00  -1.3646100e+00
  -1.3646100e+00  -2.0278379e+00  -8.8441693e-01   6.5263567e-01   3.5642939e-01  -7.0266880e-01   1.3466636e-01
   1.3466636e-01  -1.3646100e+00  -2.0278379e+00   2.1567116e-01   6.5263567e-01   3.5642939e-01   8.4602512e-01
   8.4602512e-01   1.3466636e-01  -1.3646100e+00  -2.6389619e-01   2.1567116e-01   6.5263567e-01   4.4348838e-01
   4.4348838e-01   8.4602512e-01   1.3466636e-01   1.8024402e+00  -2.6389619e-01   2.1567116e-01   1.3548956e+00
   1.3548956e+00   4.4348838e-01   8.4602512e-01  -6.4298417e-01   1.8024402e+00  -2.6389619e-01   1.5956023e+00
   1.5956023e+00   1.3548956e+00   4.4348838e-01   1.0955505e-01  -6.4298417e-01   1.8024402e+00   4.4275275e-01
   4.4275275e-01   1.5956023e+00   1.3548956e+00  -7.1903770e-01   1.0955505e-01  -6.4298417e-01  -3.5663023e-01
  -3.5663023e-01   4.4275275e-01   1.5956023e+00   4.2062757e-01  -7.1903770e-01   1.0955505e-01  -4.5184383e-01
  -4.5184383e-01  -3.5663023e-01   4.4275275e-01  -1.9311337e+00   4.2062757e-01  -7.1903770e-01  -1.3916439e+00
  -1.3916439e+00  -4.5184383e-01  -3.5663023e-01   6.6029978e-01  -1.9311337e+00   4.2062757e-01  -1.6931885e+00
  -1.6931885e+00  -1.3916439e+00  -4.5184383e-01  -1.1025096e+00   6.6029978e-01  -1.9311337e+00  -1.2379985e+00
  -1.2379985e+00  -1.6931885e+00  -1.3916439e+00  -1.0297064e-01  -1.1025096e+00   6.6029978e-01  -1.4553432e+00
  -1.4553432e+00  -1.2379985e+00  -1.6931885e+00  -1.0598015e+00  -1.0297064e-01  -1.1025096e+00  -1.6395371e+00
  -1.6395371e+00  -1.4553432e+00  -1.2379985e+00  -1.2385659e+00  -1.0598015e+00  -1.0297064e-01  -2.5514474e+00
  -2.5514474e+00  -1.6395371e+00  -1.4553432e+00  -1.8892361e+00  -1.2385659e+00  -1.0598015e+00  -3.7079105e+00
  -3.7079105e+00  -2.5514474e+00  -1.6395371e+00  -9.7358455e-01  -1.8892361e+00  -1.2385659e+00  -4.0888354e+00
  -4.0888354e+00  -3.7079105e+00  -2.5514474e+00   2.1211584e-01  -9.7358455e-01  -1.8892361e+00  -2.6431125e+00
  -2.6431125e+00  -4.0888354e+00  -3.7079105e+00   4.9344199e-01   2.1211584e-01  -9.7358455e-01  -6.6612971e-01
  -6.6612971e-01  -2.6431125e+00  -4.0888354e+00   1.5471766e+00   4.9344199e-01   2.1211584e-01   1.3757043e+00
   1.3757043e+00  -6.6612971e-01  -2.6431125e+00   6.4493275e-01   1.5471766e+00   4.9344199e-01   2.4911284e+00
   2.4911284e+00   1.3757043e+00  -6.6612971e-01  -2.1483590e+00   6.4493275e-01   1.5471766e+00   1.9536865e-01
   1.9536865e-01   2.4911284e+00   1.3757043e+00  -1.0288445e+00  -2.1483590e+00   6.4493275e-01  -2.4684384e+00
  -2.4684384e+00   1.9536865e-01   2.4911284e+00  -1.4158212e-01  -1.0288445e+00  -2.1483590e+00  -2.3462989e+00
  -2.3462989e+00  -2.4684384e+00   1.9536865e-01  -2.5267061e+00  -1.4158212e-01  -1.0288445e+00  -3.1736189e+00
  -3.1736189e+00  -2.3462989e+00  -2.4684384e+00  -3.1298149e-01  -2.5267061e+00  -1.4158212e-01  -3.7550290e+00
  -3.7550290e+00  -3.1736189e+00  -2.3462989e+00  -5.9361762e-01  -3.1298149e-01  -2.5267061e+00  -2.6287307e+00
  -2.6287307e+00  -3.7550290e+00  -3.1736189e+00   3.3232216e-01  -5.9361762e-01  -3.1298149e-01  -1.3934376e+00
  -1.3934376e+00  -2.6287307e+00  -3.7550290e+00   5.5885070e-01   3.3232216e-01  -5.9361762e-01   7.1161145e-02
   7.1161145e-02  -1.3934376e+00  -2.6287307e+00   8.9988357e-01   5.5885070e-01   3.3232216e-01   1.2575593e+00
   1.2575593e+00   7.1161145e-02  -1.3934376e+00  -2.0089886e-01   8.9988357e-01   5.5885070e-01   1.2417227e+00
   1.2417227e+00   1.2575593e+00   7.1161145e-02  -2.3373497e-01  -2.0089886e-01   8.9988357e-01   2.9640425e-01
   2.9640425e-01   1.2417227e+00   1.2575593e+00   1.4499066e+00  -2.3373497e-01  -2.0089886e-01   9.8694865e-01
   9.8694865e-01   2.9640425e-01   1.2417227e+00   1.8361320e+00   1.4499066e+00  -2.3373497e-01   3.0148401e+00
   3.0148401e+00   9.8694865e-01   2.9640425e-01  -3.8291826e-01   1.8361320e+00   1.4499066e+00   2.7588824e+00
   2.7588824e+00   3.0148401e+00   9.8694865e-01   1.5508274e-01  -3.8291826e-01   1.8361320e+00   1.1973342e+00
   1.1973342e+00   2.7588824e+00   3.0148401e+00  -9.6464825e-01   1.5508274e-01  -3.8291826e-01  -1.6378538e-01
  -1.6378538e-01   1.1973342e+00   2.7588824e+00   3.8756431e-02  -9.6464825e-01   1.5508274e-01  -8.7366510e-01
  -8.7366510e-01  -1.6378538e-01   1.1973342e+00   7.6545839e-01   3.8756431e-02  -9.6464825e-01   1.0528392e-01
   1.0528392e-01  -8.7366510e-01  -1.6378538e-01  -5.9452401e-01   7.6545839e-01   3.8756431e-02   2.5789154e-01
   2.5789154e-01   1.0528392e-01  -8.7366510e-01   1.3024598e-01  -5.9452401e-01   7.6545839e-01  -1.9328423e-01
  -1.9328423e-01   2.5789154e-01   1.0528392e-01   3.5013505e-02   1.3024598e-01  -5.9452401e-01  -2.2471499e-02
  -2.2471499e-02  -1.9328423e-01   2.5789154e-01  -6.2467414e-01   3.5013505e-02   1.3024598e-01  -4.3902837e-01
  -4.3902837e-01  -2.2471499e-02  -1.9328423e-01  -5.3977524e-01  -6.2467414e-01   3.5013505e-02  -1.1256292e+00
  -1.1256292e+00  -4.3902837e-01  -2.2471499e-02   1.8799571e+00  -5.3977524e-01  -6.2467414e-01   3.9957087e-01
   3.9957087e-01  -1.1256292e+00  -4.3902837e-01  -1.0038495e+00   1.8799571e+00  -5.3977524e-01   9.5675122e-01
   9.5675122e-01   3.9957087e-01  -1.1256292e+00  -4.9744588e-01  -1.0038495e+00   1.8799571e+00  -5.7519450e-01
  -5.7519450e-01   9.5675122e-01   3.9957087e-01  -1.5043972e+00  -4.9744588e-01  -1.0038495e+00  -1.9457277e+00
  -1.9457277e+00  -5.7519450e-01   9.5675122e-01  -9.5449299e-02  -1.5043972e+00  -4.9744588e-01  -2.2688999e+00
  -2.2688999e+00  -1.9457277e+00  -5.7519450e-01   3.9672705e-01  -9.5449299e-02  -1.5043972e+00  -9.3950452e-01
  -9.3950452e-01  -2.2688999e+00  -1.9457277e+00  -5.2711491e-01   3.9672705e-01  -9.5449299e-02  -4.5514596e-01
  -4.5514596e-01  -9.3950452e-01  -2.2688999e+00   3.4457106e-01  -5.2711491e-01   3.9672705e-01  -3.1303276e-01
  -3.1303276e-01  -4.5514596e-01  -9.3950452e-01  -7.2329053e-01   3.4457106e-01  -5.2711491e-01  -4.4655054e-01
  -4.4655054e-01  -3.1303276e-01  -4.5514596e-01   1.2681934e+00  -7.2329053e-01   3.4457106e-01   1.9765362e-01
   1.9765362e-01  -4.4655054e-01  -3.1303276e-01  -3.1242658e-02   1.2681934e+00  -7.2329053e-01   1.0581055e+00
   1.0581055e+00   1.9765362e-01  -4.4655054e-01   7.7821174e-01  -3.1242658e-02   1.2681934e+00   1.1828677e+00
   1.1828677e+00   1.0581055e+00   1.9765362e-01   2.1804836e+00   7.7821174e-01  -3.1242658e-02   2.8199125e+00
   2.8199125e+00   1.1828677e+00   1.0581055e+00   4.3781368e-01   2.1804836e+00   7.7821174e-01   3.4974851e+00
   3.4974851e+00   2.8199125e+00   1.1828677e+00   1.3333290e+00   4.3781368e-01   2.1804836e+00   3.1524813e+00
   3.1524813e+00   3.4974851e+00   2.8199125e+00   2.5107814e-01   1.3333290e+00   4.3781368e-01   2.7123042e+00
   2.7123042e+00   3.1524813e+00   3.4974851e+00  -3.1047091e-01   2.5107814e-01   1.3333290e+00   1.2793372e+00
   1.2793372e+00   2.7123042e+00   3.1524813e+00  -9.2300372e-01  -3.1047091e-01   2.5107814e-01  -4.1418505e-01
  -4.1418505e-01   1.2793372e+00   2.7123042e+00  -3.8477574e-01  -9.2300372e-01  -3.1047091e-01  -1.3250900e+00
  -1.3250900e+00  -4.1418505e-01   1.2793372e+00   1.1581806e+00  -3.8477574e-01  -9.2300372e-01  -1.4926917e-01
  -1.4926917e-01  -1.3250900e+00  -4.1418505e-01   8.6250019e-01   1.1581806e+00  -3.8477574e-01   1.5377743e+00
   1.5377743e+00  -1.4926917e-01  -1.3250900e+00  -1.0347056e+00   8.6250019e-01   1.1581806e+00   7.7565138e-01
   7.7565138e-01   1.5377743e+00  -1.4926917e-01  -1.9267288e-01  -1.0347056e+00   8.6250019e-01  -5.8900197e-01
  -5.8900197e-01   7.7565138e-01   1.5377743e+00  -1.2997228e+00  -1.9267288e-01  -1.0347056e+00  -1.5506331e+00
  -1.5506331e+00  -5.8900197e-01   7.7565138e-01   3.0659592e-01  -1.2997228e+00  -1.9267288e-01  -1.5776282e+00
  -1.5776282e+00  -1.5506331e+00  -5.8900197e-01   9.6899218e-01   3.0659592e-01  -1.2997228e+00   1.6110230e-01
   1.6110230e-01  -1.5776282e+00  -1.5506331e+00  -7.4731713e-01   9.6899218e-01   3.0659592e-01   3.8748949e-01
   3.8748949e-01   1.6110230e-01  -1.5776282e+00  -2.7960244e+00  -7.4731713e-01   9.6899218e-01  -2.4536336e+00
  -2.4536336e+00   3.8748949e-01   1.6110230e-01   6.9673155e-01  -2.7960244e+00  -7.4731713e-01  -3.0179494e+00
  -3.0179494e+00  -2.4536336e+00   3.8748949e-01   3.2069075e+00   6.9673155e-01  -2.7960244e+00   1.3713657e+00
   1.3713657e+00  -3.0179494e+00  -2.4536336e+00   5.3600704e-01   3.2069075e+00   6.9673155e-01   3.8559608e+00
   3.8559608e+00   1.3713657e+00  -3.0179494e+00   2.9845054e-01   5.3600704e-01   3.2069075e+00   2.7780186e+00
   2.7780186e+00   3.8559608e+00   1.3713657e+00   2.8404316e-01   2.9845054e-01   5.3600704e-01   1.7142722e+00
   1.7142722e+00   2.7780186e+00   3.8559608e+00   9.5966437e-01   2.8404316e-01   2.9845054e-01   1.7048372e+00
   1.7048372e+00   1.7142722e+00   2.7780186e+00   2.0875931e+00   9.5966437e-01   2.8404316e-01   3.1458103e+00
   3.1458103e+00   1.7048372e+00   1.7142722e+00   1.5246805e+00   2.0875931e+00   9.5966437e-01   4.3998252e+00
   4.3998252e+00   3.1458103e+00   1.7048372e+00  -1.9526079e-01   1.5246805e+00   2.0875931e+00   3.2955334e+00
   3.2955334e+00   4.3998252e+00   3.1458103e+00   1.7260316e-02  -1.9526079e-01   1.5246805e+00   1.4228403e+00
   1.4228403e+00   3.2955334e+00   4.3998252e+00   2.4634044e-01   1.7260316e-02  -1.9526079e-01   7.4377787e-01
   7.4377787e-01   1.4228403e+00   3.2955334e+00  -8.5448472e-01   2.4634044e-01   1.7260316e-02  -1.4581360e-01
  -1.4581360e-01   7.4377787e-01   1.4228403e+00   1.1577827e+00  -8.5448472e-01   2.4634044e-01   1.0219654e-01
   1.0219654e-01  -1.4581360e-01   7.4377787e-01   1.6190772e-01   1.1577827e+00  -8.5448472e-01   1.0426695e+00
   1.0426695e+00   1.0219654e-01  -1.4581360e-01   1.5570638e+00   1.6190772e-01   1.1577827e+00   1.9154938e+00
   1.9154938e+00   1.0426695e+00   1.0219654e-01  -1.9354386e-01   1.5570638e+00   1.6190772e-01   2.0284045e+00
   2.0284045e+00   1.9154938e+00   1.0426695e+00   1.6513012e+00  -1.9354386e-01   1.5570638e+00   2.1433311e+00
   2.1433311e+00   2.0284045e+00   1.9154938e+00  -1.8987782e+00   1.6513012e+00  -1.9354386e-01   8.5160760e-01
   8.5160760e-01   2.1433311e+00   2.0284045e+00   1.8225248e+00  -1.8987782e+00   1.6513012e+00   3.1086168e-01
   3.1086168e-01   8.5160760e-01   2.1433311e+00  -1.5184151e+00   1.8225248e+00  -1.8987782e+00   2.8133489e-01
   2.8133489e-01   3.1086168e-01   8.5160760e-01  -1.0510706e+00  -1.5184151e+00   1.8225248e+00  -1.7511756e+00
  -1.7511756e+00   2.8133489e-01   3.1086168e-01   4.9930513e-02  -1.0510706e+00  -1.5184151e+00  -1.8096252e+00
  -1.8096252e+00  -1.7511756e+00   2.8133489e-01  -1.4547489e+00   4.9930513e-02  -1.0510706e+00  -1.9728430e+00
  -1.9728430e+00  -1.8096252e+00  -1.7511756e+00   4.6654585e-01  -1.4547489e+00   4.9930513e-02  -1.7140075e+00
  -1.7140075e+00  -1.9728430e+00  -1.8096252e+00   5.4543684e-01   4.6654585e-01  -1.4547489e+00  -9.0580215e-02
  -9.0580215e-02  -1.7140075e+00  -1.9728430e+00   1.3203191e+00   5.4543684e-01   4.6654585e-01   1.5071295e+00
   1.5071295e+00  -9.0580215e-02  -1.7140075e+00  -4.0449433e-01   1.3203191e+00   5.4543684e-01   1.5568859e+00
   1.5568859e+00   1.5071295e+00  -9.0580215e-02   4.1846851e-01  -4.0449433e-01   1.3203191e+00   8.0638042e-01
   8.0638042e-01   1.5568859e+00   1.5071295e+00   2.4734875e-01   4.1846851e-01  -4.0449433e-01   8.2453193e-01
   8.2453193e-01   8.0638042e-01   1.5568859e+00   7.0411032e-01   2.4734875e-01   4.1846851e-01   1.1374499e+00
   1.1374499e+00   8.2453193e-01   8.0638042e-01   6.3193885e-01   7.0411032e-01   2.4734875e-01   1.5944504e+00
   1.5944504e+00   1.1374499e+00   8.2453193e-01  -9.9236211e-01   6.3193885e-01   7.0411032e-01   5.5525991e-01
   5.5525991e-01   1.5944504e+00   1.1374499e+00   1.7667084e+00  -9.9236211e-01   6.3193885e-01   7.9632114e-01
   7.9632114e-01   5.5525991e-01   1.5944504e+00  -3.8210364e-01   1.7667084e+00  -9.9236211e-01   1.4231781e+00
   1.4231781e+00   7.9632114e-01   5.5525991e-01  -9.1142542e-01  -3.8210364e-01   1.7667084e+00  -1.8653355e-01
  -1.8653355e-01   1.4231781e+00   7.9632114e-01  -9.9608998e-01  -9.1142542e-01  -3.8210364e-01  -1.6718117e+00
  -1.6718117e+00  -1.8653355e-01   1.4231781e+00   1.1951426e+00  -9.9608998e-01  -9.1142542e-01  -7.9542060e-01
  -7.9542060e-01  -1.6718117e+00  -1.8653355e-01  -1.5944778e-01   1.1951426e+00  -9.9608998e-01   4.3776718e-01
   4.3776718e-01  -7.9542060e-01  -1.6718117e+00   2.7040260e+00  -1.5944778e-01   1.1951426e+00   2.2697057e+00
   2.2697057e+00   4.3776718e-01  -7.9542060e-01  -1.9849992e-01   2.7040260e+00  -1.5944778e-01   3.1260894e+00
   3.1260894e+00   2.2697057e+00   4.3776718e-01  -1.4140461e-01  -1.9849992e-01   2.7040260e+00   1.4034714e+00
   1.4034714e+00   3.1260894e+00   2.2697057e+00   4.1126793e-01  -1.4140461e-01  -1.9849992e-01   7.4426153e-01
   7.4426153e-01   1.4034714e+00   3.1260894e+00  -1.1790597e+00   4.1126793e-01  -1.4140461e-01  -2.7065934e-01
  -2.7065934e-01   7.4426153e-01   1.4034714e+00  -2.7777551e-01  -1.1790597e+00   4.1126793e-01  -1.2959533e+00
  -1.2959533e+00  -2.7065934e-01   7.4426153e-01  -1.5810534e+00  -2.7777551e-01  -1.1790597e+00  -2.1488025e+00
  -2.1488025e+00  -1.2959533e+00  -2.7065934e-01   1.0490223e+00  -1.5810534e+00  -2.7777551e-01  -1.5133664e+00
  -1.5133664e+00  -2.1488025e+00  -1.2959533e+00   3.0268904e-01   1.0490223e+00  -1.5810534e+00   2.9032515e-01
   2.9032515e-01  -1.5133664e+00  -2.1488025e+00  -1.2265023e+00   3.0268904e-01   1.0490223e+00  -3.9056441e-01
  -3.9056441e-01   2.9032515e-01  -1.5133664e+00   6.9600095e-02  -1.2265023e+00   3.0268904e-01  -1.1126652e+00
  -1.1126652e+00  -3.9056441e-01   2.9032515e-01  -3.9651621e-01   6.9600095e-02  -1.2265023e+00  -8.7896625e-01
  -8.7896625e-01  -1.1126652e+00  -3.9056441e-01   1.3888068e+00  -3.9651621e-01   6.9600095e-02   3.4872215e-01
   3.4872215e-01  -8.7896625e-01  -1.1126652e+00   1.3644223e+00   1.3888068e+00  -3.9651621e-01   2.3337865e+00
   2.3337865e+00   3.4872215e-01  -8.7896625e-01   6.5815264e-01   1.3644223e+00   1.3888068e+00   2.8538508e+00
   2.8538508e+00   2.3337865e+00   3.4872215e-01   4.9131367e-01   6.5815264e-01   1.3644223e+00   2.3300984e+00
   2.3300984e+00   2.8538508e+00   2.3337865e+00   8.0073370e-01   4.9131367e-01   6.5815264e-01   2.0871149e+00
   2.0871149e+00   2.3300984e+00   2.8538508e+00  -7.6726900e-01   8.0073370e-01   4.9131367e-01   1.0348201e+00
   1.0348201e+00   2.0871149e+00   2.3300984e+00   3.6441950e-01  -7.6726900e-01   8.0073370e-01   1.4315357e-01
   1.4315357e-01   1.0348201e+00   2.0871149e+00  -3.9791385e-01   3.6441950e-01  -7.6726900e-01  -4.5541890e-02
  -4.5541890e-02   1.4315357e-01   1.0348201e+00   8.6427958e-01  -3.9791385e-01   3.6441950e-01   3.3184864e-01
   3.3184864e-01  -4.5541890e-02   1.4315357e-01  -1.7761808e-01   8.6427958e-01  -3.9791385e-01   6.9679375e-01
   6.9679375e-01   3.3184864e-01  -4.5541890e-02   1.8743805e+00  -1.7761808e-01   8.6427958e-01   1.6777407e+00
   1.6777407e+00   6.9679375e-01   3.3184864e-01   1.7240023e-01   1.8743805e+00  -1.7761808e-01   2.4298341e+00
   2.4298341e+00   1.6777407e+00   6.9679375e-01   1.2717435e+00   1.7240023e-01   1.8743805e+00   2.3856819e+00
   2.3856819e+00   2.4298341e+00   1.6777407e+00  -3.5344368e-02   1.2717435e+00   1.7240023e-01   2.0912755e+00
   2.0912755e+00   2.3856819e+00   2.4298341e+00  -1.5013288e+00  -3.5344368e-02   1.2717435e+00  -1.3246482e-01
  -1.3246482e-01   2.0912755e+00   2.3856819e+00   3.6537341e-01  -1.5013288e+00  -3.5344368e-02  -1.0931187e+00
  -1.0931187e+00  -1.3246482e-01   2.0912755e+00  -1.9865986e-01   3.6537341e-01  -1.5013288e+00  -5.1784897e-01
  -5.1784897e-01  -1.0931187e+00  -1.3246482e-01  -1.3897217e+00  -1.9865986e-01   3.6537341e-01  -1.3956519e+00
  -1.3956519e+00  -5.1784897e-01  -1.0931187e+00   2.2932781e-01  -1.3897217e+00  -1.9865986e-01  -1.6293228e+00
  -1.6293228e+00  -1.3956519e+00  -5.1784897e-01   2.7119024e-01   2.2932781e-01  -1.3897217e+00  -4.6994163e-01
  -4.6994163e-01  -1.6293228e+00  -1.3956519e+00  -3.6636022e-01   2.7119024e-01   2.2932781e-01  -2.0362931e-01
  -2.0362931e-01  -4.6994163e-01  -1.6293228e+00   1.3769604e+00  -3.6636022e-01   2.7119024e-01   6.9263177e-01
   6.9263177e-01  -2.0362931e-01  -4.6994163e-01  -7.9753276e-01   1.3769604e+00  -3.6636022e-01   8.2904963e-01
   8.2904963e-01   6.9263177e-01  -2.0362931e-01  -9.3674061e-01  -7.9753276e-01   1.3769604e+00  -8.5990892e-01
  -8.5990892e-01   8.2904963e-01   6.9263177e-01  -2.4334655e-03  -9.3674061e-01  -7.9753276e-01  -1.2820802e+00
  -1.2820802e+00  -8.5990892e-01   8.2904963e-01   3.9608617e-01  -2.4334655e-03  -9.3674061e-01  -3.7965292e-01
  -3.7965292e-01  -1.2820802e+00  -8.5990892e-01  -5.0869317e-01   3.9608617e-01  -2.4334655e-03  -1.9967149e-01
  -1.9967149e-01  -3.7965292e-01  -1.2820802e+00  -2.6828578e-01  -5.0869317e-01   3.9608617e-01  -6.6150259e-01
  -6.6150259e-01  -1.9967149e-01  -3.7965292e-01  -1.0821405e+00  -2.6828578e-01  -5.0869317e-01  -1.3955349e+00
  -1.3955349e+00  -6.6150259e-01  -1.9967149e-01   2.0141337e+00  -1.0821405e+00  -2.6828578e-01  -3.1995164e-02
  -3.1995164e-02  -1.3955349e+00  -6.6150259e-01   1.9440311e+00   2.0141337e+00  -1.0821405e+00   3.0532130e+00
   3.0532130e+00  -3.1995164e-02  -1.3955349e+00  -1.5215294e+00   1.9440311e+00   2.0141337e+00   2.0929193e+00
   2.0929193e+00   3.0532130e+00  -3.1995164e-02   1.9393184e+00  -1.5215294e+00   1.9440311e+00   1.3113173e+00
   1.3113173e+00   2.0929193e+00   3.0532130e+00  -8.9584036e-01   1.9393184e+00  -1.5215294e+00   1.3190255e+00
   1.3190255e+00   1.3113173e+00   2.0929193e+00  -3.0415758e-01  -8.9584036e-01   1.9393184e+00  -2.0394891e-01
  -2.0394891e-01   1.3190255e+00   1.3113173e+00   5.5525312e-01  -3.0415758e-01  -8.9584036e-01  -5.3177022e-02
  -5.3177022e-02  -2.0394891e-01   1.3190255e+00  -3.2424685e-01   5.5525312e-01  -3.0415758e-01   1.5543350e-01
   1.5543350e-01  -5.3177022e-02  -2.0394891e-01   1.3388144e+00  -3.2424685e-01   5.5525312e-01   8.7750454e-01
   8.7750454e-01   1.5543350e-01  -5.3177022e-02   1.2222985e+00   1.3388144e+00  -3.2424685e-01   2.4083920e+00
   2.4083920e+00   8.7750454e-01   1.5543350e-01  -1.5959782e+00   1.2222985e+00   1.3388144e+00   1.0399175e+00
   1.0399175e+00   2.4083920e+00   8.7750454e-01  -1.0677303e+00  -1.5959782e+00   1.2222985e+00  -1.5829111e+00
  -1.5829111e+00   1.0399175e+00   2.4083920e+00  -7.5991921e-01  -1.0677303e+00  -1.5959782e+00  -2.3973250e+00
  -2.3973250e+00  -1.5829111e+00   1.0399175e+00   4.2098880e-01  -7.5991921e-01  -1.0677303e+00  -1.5055038e+00
  -1.5055038e+00  -2.3973250e+00  -1.5829111e+00  -4.3337306e-01   4.2098880e-01  -7.5991921e-01  -6.9315062e-01
  -6.9315062e-01  -1.5055038e+00  -2.3973250e+00   7.0625199e-01  -4.3337306e-01   4.2098880e-01  -5.6185807e-02
  -5.6185807e-02  -6.9315062e-01  -1.5055038e+00   2.2785691e-01   7.0625199e-01  -4.3337306e-01   7.1190994e-01
   7.1190994e-01  -5.6185807e-02  -6.9315062e-01  -1.0169919e+00   2.2785691e-01   7.0625199e-01  -1.7402933e-01
  -1.7402933e-01   7.1190994e-01  -5.6185807e-02   1.3986037e-01  -1.0169919e+00   2.2785691e-01  -8.1062512e-01
  -8.1062512e-01  -1.7402933e-01   7.1190994e-01  -7.4808884e-01   1.3986037e-01  -1.0169919e+00  -9.3198851e-01
  -9.3198851e-01  -8.1062512e-01  -1.7402933e-01  -6.2897493e-01  -7.4808884e-01   1.3986037e-01  -1.4969841e+00
  -1.4969841e+00  -9.3198851e-01  -8.1062512e-01   1.3948307e+00  -6.2897493e-01  -7.4808884e-01  -2.1114206e-01
  -2.1114206e-01  -1.4969841e+00  -9.3198851e-01  -1.6476911e+00   1.3948307e+00  -6.2897493e-01  -2.1558720e-01
  -2.1558720e-01  -2.1114206e-01  -1.4969841e+00  -2.0149858e+00  -1.6476911e+00   1.3948307e+00  -2.8378677e+00
  -2.8378677e+00  -2.1558720e-01  -2.1114206e-01   4.9171688e-01  -2.0149858e+00  -1.6476911e+00  -2.7799150e+00
  -2.7799150e+00  -2.8378677e+00  -2.1558720e-01  -1.5549753e+00   4.9171688e-01  -2.0149858e+00  -2.2047459e+00
  -2.2047459e+00  -2.7799150e+00  -2.8378677e+00  -1.4060908e-01  -1.5549753e+00   4.9171688e-01  -2.2922074e+00
  -2.2922074e+00  -2.2047459e+00  -2.7799150e+00   2.4494367e-01  -1.4060908e-01  -1.5549753e+00  -1.0898827e+00
  -1.0898827e+00  -2.2922074e+00  -2.2047459e+00  -2.6745850e-01   2.4494367e-01  -1.4060908e-01  -4.5792013e-01
  -4.5792013e-01  -1.0898827e+00  -2.2922074e+00  -5.7024548e-01  -2.6745850e-01   2.4494367e-01  -8.0424160e-01
  -8.0424160e-01  -4.5792013e-01  -1.0898827e+00  -1.8726679e-01  -5.7024548e-01  -2.6745850e-01  -1.0000623e+00
  -1.0000623e+00  -8.0424160e-01  -4.5792013e-01   1.2085566e+00  -1.8726679e-01  -5.7024548e-01   2.5739348e-01
   2.5739348e-01  -1.0000623e+00  -8.0424160e-01  -6.3885466e-01   1.2085566e+00  -1.8726679e-01   6.4565782e-01
   6.4565782e-01   2.5739348e-01  -1.0000623e+00   6.0554030e-01  -6.3885466e-01   1.2085566e+00   3.5248549e-01
   3.5248549e-01   6.4565782e-01   2.5739348e-01  -6.2448054e-01   6.0554030e-01  -6.3885466e-01   1.1180406e-01
   1.1180406e-01   3.5248549e-01   6.4565782e-01   5.7222812e-01  -6.2448054e-01   6.0554030e-01   1.7253128e-02
   1.7253128e-02   1.1180406e-01   3.5248549e-01  -7.2441050e-01   5.7222812e-01  -6.2448054e-01  -1.3398833e-01
  -1.3398833e-01   1.7253128e-02   1.1180406e-01   1.1921955e+00  -7.2441050e-01   5.7222812e-01   2.9735752e-01
   2.9735752e-01  -1.3398833e-01   1.7253128e-02   1.8674674e-01   1.1921955e+00  -7.2441050e-01   1.1978602e+00
   1.1978602e+00   2.9735752e-01  -1.3398833e-01   1.5949389e+00   1.8674674e-01   1.1921955e+00   2.0356834e+00
   2.0356834e+00   1.1978602e+00   2.9735752e-01   3.2130706e-01   1.5949389e+00   1.8674674e-01   2.5036715e+00
   2.5036715e+00   2.0356834e+00   1.1978602e+00   8.6684073e-01   3.2130706e-01   1.5949389e+00   2.1972190e+00
   2.1972190e+00   2.5036715e+00   2.0356834e+00   1.2918436e+00   8.6684073e-01   3.2130706e-01   2.6848726e+00
   2.6848726e+00   2.1972190e+00   2.5036715e+00   4.3431265e-01   1.2918436e+00   8.6684073e-01   2.6735603e+00
   2.6735603e+00   2.6848726e+00   2.1972190e+00  -3.8620693e-01   4.3431265e-01   1.2918436e+00   1.3704237e+00
   1.3704237e+00   2.6735603e+00   2.6848726e+00  -1.1256376e-01  -3.8620693e-01   4.3431265e-01   2.0113682e-01
   2.0113682e-01   1.3704237e+00   2.6735603e+00  -9.6433308e-01  -1.1256376e-01  -3.8620693e-01  -8.1567143e-01
  -8.1567143e-01   2.0113682e-01   1.3704237e+00  -2.0572512e+00  -9.6433308e-01  -1.1256376e-01  -2.7611086e+00
  -2.7611086e+00  -8.1567143e-01   2.0113682e-01   1.4999607e-01  -2.0572512e+00  -9.6433308e-01  -2.9569411e+00
  -2.9569411e+00  -2.7611086e+00  -8.1567143e-01   5.4203757e-01   1.4999607e-01  -2.0572512e+00  -9.8316617e-01
  -9.8316617e-01  -2.9569411e+00  -2.7611086e+00   2.5440882e-01   5.4203757e-01   1.4999607e-01   2.8236379e-01
   2.8236379e-01  -9.8316617e-01  -2.9569411e+00  -3.0724069e-01   2.5440882e-01   5.4203757e-01   2.0394636e-01
   2.0394636e-01   2.8236379e-01  -9.8316617e-01  -4.1711183e-01  -3.0724069e-01   2.5440882e-01  -4.5155256e-01
  -4.5155256e-01   2.0394636e-01   2.8236379e-01   1.1368048e+00  -4.1711183e-01  -3.0724069e-01   2.6742672e-01
   2.6742672e-01  -4.5155256e-01   2.0394636e-01   3.9131381e-01   1.1368048e+00  -4.1711183e-01   1.3298737e+00
   1.3298737e+00   2.6742672e-01  -4.5155256e-01   1.6051478e+00   3.9131381e-01   1.1368048e+00   2.2717817e+00
   2.2717817e+00   1.3298737e+00   2.6742672e-01   8.2589231e-01   1.6051478e+00   3.9131381e-01   3.0221062e+00
   3.0221062e+00   2.2717817e+00   1.3298737e+00   1.4703904e+00   8.2589231e-01   1.6051478e+00   3.3090744e+00
   3.3090744e+00   3.0221062e+00   2.2717817e+00  -1.3789069e+00   1.4703904e+00   8.2589231e-01   1.7172022e+00
   1.7172022e+00   3.3090744e+00   3.0221062e+00  -2.6017207e-01  -1.3789069e+00   1.4703904e+00  -4.8360377e-01
  -4.8360377e-01   1.7172022e+00   3.3090744e+00   9.9476817e-01  -2.6017207e-01  -1.3789069e+00   1.1573692e-01
   1.1573692e-01  -4.8360377e-01   1.7172022e+00   1.8340337e+00   9.9476817e-01  -2.6017207e-01   2.2429181e+00
   2.2429181e+00   1.1573692e-01  -4.8360377e-01  -1.7159103e+00   1.8340337e+00   9.9476817e-01   1.3664592e+00
   1.3664592e+00   2.2429181e+00   1.1573692e-01   8.6931706e-02  -1.7159103e+00   1.8340337e+00  -5.8537099e-01
  -5.8537099e-01   1.3664592e+00   2.2429181e+00   1.9556744e+00   8.6931706e-02  -1.7159103e+00   1.0631047e+00
   1.0631047e+00  -5.8537099e-01   1.3664592e+00   1.6145377e-01   1.9556744e+00   8.6931706e-02   2.2521069e+00
   2.2521069e+00   1.0631047e+00  -5.8537099e-01  -6.2868836e-01   1.6145377e-01   1.9556744e+00   8.8492787e-01
   8.8492787e-01   2.2521069e+00   1.0631047e+00  -1.4388245e+00  -6.2868836e-01   1.6145377e-01  -1.2399830e+00
  -1.2399830e+00   8.8492787e-01   2.2521069e+00  -6.6595969e-02  -1.4388245e+00  -6.2868836e-01  -1.9176818e+00
  -1.9176818e+00  -1.2399830e+00   8.8492787e-01   3.7338086e-01  -6.6595969e-02  -1.4388245e+00  -7.8763406e-01
  -7.8763406e-01  -1.9176818e+00  -1.2399830e+00   2.1731408e-01   3.7338086e-01  -6.6595969e-02   1.5166946e-01
   1.5166946e-01  -7.8763406e-01  -1.9176818e+00  -1.7945682e-01   2.1731408e-01   3.7338086e-01   1.8181977e-01
   1.8181977e-01   1.5166946e-01  -7.8763406e-01   2.5672907e-02  -1.7945682e-01   2.1731408e-01  -2.1976296e-02
  -2.1976296e-02   1.8181977e-01   1.5166946e-01   6.4206636e-01   2.5672907e-02  -1.7945682e-01   4.7393248e-01
   4.7393248e-01  -2.1976296e-02   1.8181977e-01   9.2308665e-01   6.4206636e-01   2.5672907e-02   1.4542135e+00
   1.4542135e+00   4.7393248e-01  -2.1976296e-02  -1.5551078e+00   9.2308665e-01   6.4206636e-01   3.1852158e-01
   3.1852158e-01   1.4542135e+00   4.7393248e-01   6.6359403e-01  -1.5551078e+00   9.2308665e-01  -5.7976753e-01
  -5.7976753e-01   3.1852158e-01   1.4542135e+00  -6.0949961e-01   6.6359403e-01  -1.5551078e+00  -3.5518993e-01
  -3.5518993e-01  -5.7976753e-01   3.1852158e-01   5.6523940e-01  -6.0949961e-01   6.6359403e-01  -1.6376213e-01
  -1.6376213e-01  -3.5518993e-01  -5.7976753e-01  -6.1078145e-01   5.6523940e-01  -6.0949961e-01  -1.2015734e-01
  -1.2015734e-01  -1.6376213e-01  -3.5518993e-01   1.2311115e+00  -6.1078145e-01   5.6523940e-01   4.3325518e-01
   4.3325518e-01  -1.2015734e-01  -1.6376213e-01   9.9429975e-01   1.2311115e+00  -6.1078145e-01   1.9173685e+00
   1.9173685e+00   4.3325518e-01  -1.2015734e-01  -8.0347471e-01   9.9429975e-01   1.2311115e+00   1.2234700e+00
   1.2234700e+00   1.9173685e+00   4.3325518e-01  -5.9120448e-01  -8.0347471e-01   9.9429975e-01  -4.8895746e-01
  -4.8895746e-01   1.2234700e+00   1.9173685e+00   1.6915464e+00  -5.9120448e-01  -8.0347471e-01   4.4342557e-01
   4.4342557e-01  -4.8895746e-01   1.2234700e+00   9.5335552e-01   1.6915464e+00  -5.9120448e-01   2.2748894e+00
   2.2748894e+00   4.4342557e-01  -4.8895746e-01  -1.9300549e+00   9.5335552e-01   1.6915464e+00   5.5202080e-01
   5.5202080e-01   2.2748894e+00   4.4342557e-01   5.1284499e-01  -1.9300549e+00   9.5335552e-01  -9.1112141e-01
  -9.1112141e-01   5.5202080e-01   2.2748894e+00   3.9368245e-01   5.1284499e-01  -1.9300549e+00   7.7171637e-02
   7.7171637e-02  -9.1112141e-01   5.5202080e-01  -9.0542650e-01   3.9368245e-01   5.1284499e-01  -2.5427732e-01
  -2.5427732e-01   7.7171637e-02  -9.1112141e-01  -1.2744733e+00  -9.0542650e-01   3.9368245e-01  -1.7899704e+00
  -1.7899704e+00  -2.5427732e-01   7.7171637e-02   3.4654610e-01  -1.2744733e+00  -9.0542650e-01  -1.7141107e+00
  -1.7141107e+00  -1.7899704e+00  -2.5427732e-01  -1.1952354e+00   3.4654610e-01  -1.2744733e+00  -1.5040506e+00
  -1.5040506e+00  -1.7141107e+00  -1.7899704e+00   6.6720144e-01  -1.1952354e+00   3.4654610e-01  -1.1008827e+00
  -1.1008827e+00  -1.5040506e+00  -1.7141107e+00  -6.7793775e-02   6.6720144e-01  -1.1952354e+00  -8.8190297e-02
  -8.8190297e-02  -1.1008827e+00  -1.5040506e+00  -1.7356601e+00  -6.7793775e-02   6.6720144e-01  -1.3118390e+00
  -1.3118390e+00  -8.8190297e-02  -1.1008827e+00   8.0634857e-01  -1.7356601e+00  -6.7793775e-02  -1.4368025e+00
  -1.4368025e+00  -1.3118390e+00  -8.8190297e-02  -9.1480074e-01   8.0634857e-01  -1.7356601e+00  -8.4030416e-01
  -8.4030416e-01  -1.4368025e+00  -1.3118390e+00  -5.1401256e-01  -9.1480074e-01   8.0634857e-01  -1.4171900e+00
  -1.4171900e+00  -8.4030416e-01  -1.4368025e+00   1.8962606e+00  -5.1401256e-01  -9.1480074e-01   2.8587938e-01
   2.8587938e-01  -1.4171900e+00  -8.4030416e-01  -2.5322999e-01   1.8962606e+00  -5.1401256e-01   1.4968341e+00
   1.4968341e+00   2.8587938e-01  -1.4171900e+00  -1.7453060e-01  -2.5322999e-01   1.8962606e+00   5.4895648e-01
   5.4895648e-01   1.4968341e+00   2.8587938e-01   9.7878842e-01  -1.7453060e-01  -2.5322999e-01   7.9130862e-01
   7.9130862e-01   5.4895648e-01   1.4968341e+00   1.2895537e+00   9.7878842e-01  -1.7453060e-01   2.1172129e+00
   2.1172129e+00   7.9130862e-01   5.4895648e-01  -5.3057504e-01   1.2895537e+00   9.7878842e-01   1.7312985e+00
   1.7312985e+00   2.1172129e+00   7.9130862e-01  -6.9297149e-01  -5.3057504e-01   1.2895537e+00  -8.0046053e-02
  -8.0046053e-02   1.7312985e+00   2.1172129e+00  -8.5980623e-01  -6.9297149e-01  -5.3057504e-01  -1.3684115e+00
  -1.3684115e+00  -8.0046053e-02   1.7312985e+00   5.2903806e-01  -8.5980623e-01  -6.9297149e-01  -1.0273770e+00
  -1.0273770e+00  -1.3684115e+00  -8.0046053e-02  -2.2785198e-01   5.2903806e-01  -8.5980623e-01  -2.6759612e-01
  -2.6759612e-01  -1.0273770e+00  -1.3684115e+00   3.7677033e-01  -2.2785198e-01   5.2903806e-01   5.7109805e-02
   5.7109805e-02  -2.6759612e-01  -1.0273770e+00   1.2215562e+00   3.7677033e-01  -2.2785198e-01   1.2533376e+00
   1.2533376e+00   5.7109805e-02  -2.6759612e-01   1.0982878e+00   1.2215562e+00   3.7677033e-01   2.4660905e+00
   2.4660905e+00   1.2533376e+00   5.7109805e-02  -8.5301434e-01   1.0982878e+00   1.2215562e+00   1.5074191e+00
   1.5074191e+00   2.4660905e+00   1.2533376e+00  -9.0420430e-01  -8.5301434e-01   1.0982878e+00  -6.4194632e-01
  -6.4194632e-01   1.5074191e+00   2.4660905e+00   6.9867040e-01  -9.0420430e-01  -8.5301434e-01  -6.5390832e-01
  -6.5390832e-01  -6.4194632e-01   1.5074191e+00   4.8259771e-01   6.9867040e-01  -9.0420430e-01   5.5455666e-01
   5.5455666e-01  -6.5390832e-01  -6.4194632e-01   8.1169598e-01   4.8259771e-01   6.9867040e-01   1.3633682e+00
   1.3633682e+00   5.5455666e-01  -6.5390832e-01   3.2788265e-01   8.1169598e-01   4.8259771e-01   1.5964570e+00
   1.5964570e+00   1.3633682e+00   5.5455666e-01  -1.5869167e+00   3.2788265e-01   8.1169598e-01  -1.3951535e-01
  -1.3951535e-01   1.5964570e+00   1.3633682e+00  -9.2078305e-01  -1.5869167e+00   3.2788265e-01  -2.0886573e+00
  -2.0886573e+00  -1.3951535e-01   1.5964570e+00  -6.1427376e-01  -9.2078305e-01  -1.5869167e+00  -2.3680518e+00
  -2.3680518e+00  -2.0886573e+00  -1.3951535e-01  -3.3467155e-01  -6.1427376e-01  -9.2078305e-01  -1.9103892e+00
  -1.9103892e+00  -2.3680518e+00  -2.0886573e+00   8.0344625e-02  -3.3467155e-01  -6.1427376e-01  -1.1020381e+00
  -1.1020381e+00  -1.9103892e+00  -2.3680518e+00  -4.7555078e-02   8.0344625e-02  -3.3467155e-01  -4.5982888e-01
  -4.5982888e-01  -1.1020381e+00  -1.9103892e+00  -6.1473562e-01  -4.7555078e-02   8.0344625e-02  -6.7565059e-01
  -6.7565059e-01  -4.5982888e-01  -1.1020381e+00   2.4036197e-01  -6.1473562e-01  -4.7555078e-02  -6.3046262e-01
  -6.3046262e-01  -6.7565059e-01  -4.5982888e-01   1.2501682e-01   2.4036197e-01  -6.1473562e-01  -4.4406988e-02
  -4.4406988e-02  -6.3046262e-01  -6.7565059e-01  -2.2360459e-01   1.2501682e-01   2.4036197e-01  -4.4113316e-02
  -4.4113316e-02  -4.4406988e-02  -6.3046262e-01  -3.9103948e-01  -2.2360459e-01   1.2501682e-01  -4.8474752e-01
  -4.8474752e-01  -4.4113316e-02  -4.4406988e-02  -1.3820454e+00  -3.9103948e-01  -2.2360459e-01  -1.6186891e+00
  -1.6186891e+00  -4.8474752e-01  -4.4113316e-02   1.0762916e+00  -1.3820454e+00  -3.9103948e-01  -1.1121700e+00
  -1.1121700e+00  -1.6186891e+00  -4.8474752e-01   1.2694657e+00   1.0762916e+00  -1.3820454e+00   1.2353871e+00
   1.2353871e+00  -1.1121700e+00  -1.6186891e+00   4.8726835e-01   1.2694657e+00   1.0762916e+00   2.1401866e+00
   2.1401866e+00   1.2353871e+00  -1.1121700e+00  -9.5637357e-01   4.8726835e-01   1.2694657e+00   7.8314125e-01
   7.8314125e-01   2.1401866e+00   1.2353871e+00   4.5180747e-01  -9.5637357e-01   4.8726835e-01  -9.2546323e-02
  -9.2546323e-02   7.8314125e-01   2.1401866e+00  -1.2537776e+00   4.5180747e-01  -9.5637357e-01  -7.4590083e-01
  -7.4590083e-01  -9.2546323e-02   7.8314125e-01   2.5643463e-01  -1.2537776e+00   4.5180747e-01  -1.1484000e+00
  -1.1484000e+00  -7.4590083e-01  -9.2546323e-02   4.2122893e-01   2.5643463e-01  -1.2537776e+00  -1.1204839e-01
  -1.1204839e-01  -1.1484000e+00  -7.4590083e-01   1.0423598e+00   4.2122893e-01   2.5643463e-01   1.1427656e+00
   1.1427656e+00  -1.1204839e-01  -1.1484000e+00   1.2091204e+00   1.0423598e+00   4.2122893e-01   2.3643940e+00
   2.3643940e+00   1.1427656e+00  -1.1204839e-01   7.8095454e-01   1.2091204e+00   1.0423598e+00   2.7748524e+00
   2.7748524e+00   2.3643940e+00   1.1427656e+00  -1.1798998e+00   7.8095454e-01   1.2091204e+00   1.1076233e+00
   1.1076233e+00   2.7748524e+00   2.3643940e+00   1.0014501e+00  -1.1798998e+00   7.8095454e-01   2.9931687e-01
   2.9931687e-01   1.1076233e+00   2.7748524e+00  -1.0249047e+00   1.0014501e+00  -1.1798998e+00   3.2262406e-02
   3.2262406e-02   2.9931687e-01   1.1076233e+00  -1.0568456e+00  -1.0249047e+00   1.0014501e+00  -1.5463883e+00
  -1.5463883e+00   3.2262406e-02   2.9931687e-01   2.8877235e+00  -1.0568456e+00  -1.0249047e+00   4.8662109e-01
   4.8662109e-01  -1.5463883e+00   3.2262406e-02  -2.6774431e-01   2.8877235e+00  -1.0568456e+00   2.3443170e+00
   2.3443170e+00   4.8662109e-01  -1.5463883e+00  -4.8854004e-01  -2.6774431e-01   2.8877235e+00   7.9066062e-01
