sin;1,000000e-01;1,000000e-01;1,394469e+03
square;1,000000e-01;1,000000e-01;1,595368e+03
saw;1,000000e-01;1,000000e-01;1,333428e+03
sin;1,000000e-01;1,500000e-01;1,142935e+03
square;1,000000e-01;1,500000e-01;1,315718e+03
saw;1,000000e-01;1,500000e-01;1,082662e+03
sin;1,000000e-01;2,250000e-01;9,070769e+02
square;1,000000e-01;2,250000e-01;1,053398e+03
saw;1,000000e-01;2,250000e-01;8,503859e+02
sin;1,000000e-01;3,375000e-01;7,114742e+02
square;1,000000e-01;3,375000e-01;8,199966e+02
saw;1,000000e-01;3,375000e-01;6,550456e+02
sin;1,000000e-01;5,062500e-01;5,580311e+02
square;1,000000e-01;5,062500e-01;6,221386e+02
saw;1,000000e-01;5,062500e-01;5,001986e+02
sin;1,000000e-01;7,593750e-01;4,502053e+02
square;1,000000e-01;7,593750e-01;4,890117e+02
saw;1,000000e-01;7,593750e-01;3,858499e+02
sin;1,000000e-01;1,139063e+00;3,742367e+02
square;1,000000e-01;1,139063e+00;3,588285e+02
saw;1,000000e-01;1,139063e+00;3,064046e+02
sin;1,000000e-01;1,708594e+00;3,115459e+02
square;1,000000e-01;1,708594e+00;2,871283e+02
saw;1,000000e-01;1,708594e+00;2,497952e+02
sin;1,000000e-01;2,562891e+00;2,513239e+02
square;1,000000e-01;2,562891e+00;2,228577e+02
saw;1,000000e-01;2,562891e+00;2,030888e+02
sin;1,000000e-01;3,844336e+00;1,932352e+02
square;1,000000e-01;3,844336e+00;1,647661e+02
saw;1,000000e-01;3,844336e+00;1,605634e+02
sin;1,000000e-01;5,766504e+00;1,411804e+02
square;1,000000e-01;5,766504e+00;1,189819e+02
saw;1,000000e-01;5,766504e+00;1,243042e+02
sin;1,000000e-01;8,649756e+00;9,921848e+01
square;1,000000e-01;8,649756e+00;8,773304e+01
saw;1,000000e-01;8,649756e+00;9,455312e+01
sin;1,000000e-01;1,297463e+01;6,758729e+01
square;1,000000e-01;1,297463e+01;6,568754e+01
saw;1,000000e-01;1,297463e+01;7,357764e+01
sin;1,000000e-01;1,946195e+01;4,486677e+01
square;1,000000e-01;1,946195e+01;5,341025e+01
saw;1,000000e-01;1,946195e+01;5,725810e+01
sin;1,000000e-01;2,919293e+01;2,947624e+01
square;1,000000e-01;2,919293e+01;4,522780e+01
saw;1,000000e-01;2,919293e+01;4,382854e+01
sin;1,000000e-01;4,378939e+01;1,957530e+01
square;1,000000e-01;4,378939e+01;3,867222e+01
saw;1,000000e-01;4,378939e+01;3,365776e+01
sin;1,500000e-01;1,000000e-01;9,183832e+02
square;1,500000e-01;1,000000e-01;1,070383e+03
saw;1,500000e-01;1,000000e-01;8,621480e+02
sin;1,500000e-01;1,500000e-01;7,221442e+02
square;1,500000e-01;1,500000e-01;8,413617e+02
saw;1,500000e-01;1,500000e-01;6,644099e+02
sin;1,500000e-01;2,250000e-01;5,676512e+02
square;1,500000e-01;2,250000e-01;6,551331e+02
saw;1,500000e-01;2,250000e-01;5,084554e+02
sin;1,500000e-01;3,375000e-01;4,565359e+02
square;1,500000e-01;3,375000e-01;4,935836e+02
saw;1,500000e-01;3,375000e-01;3,916313e+02
sin;1,500000e-01;5,062500e-01;3,796209e+02
square;1,500000e-01;5,062500e-01;3,857309e+02
saw;1,500000e-01;5,062500e-01;3,086412e+02
sin;1,500000e-01;7,593750e-01;3,177640e+02
square;1,500000e-01;7,593750e-01;3,039577e+02
saw;1,500000e-01;7,593750e-01;2,518065e+02
sin;1,500000e-01;1,139063e+00;2,589658e+02
square;1,500000e-01;1,139063e+00;2,332235e+02
saw;1,500000e-01;1,139063e+00;2,073286e+02
sin;1,500000e-01;1,708594e+00;2,016322e+02
square;1,500000e-01;1,708594e+00;1,684233e+02
saw;1,500000e-01;1,708594e+00;1,662760e+02
sin;1,500000e-01;2,562891e+00;1,497880e+02
square;1,500000e-01;2,562891e+00;1,264994e+02
saw;1,500000e-01;2,562891e+00;1,301470e+02
sin;1,500000e-01;3,844336e+00;1,070777e+02
square;1,500000e-01;3,844336e+00;8,900975e+01
saw;1,500000e-01;3,844336e+00;1,000418e+02
sin;1,500000e-01;5,766504e+00;7,442844e+01
square;1,500000e-01;5,766504e+00;6,895085e+01
saw;1,500000e-01;5,766504e+00;7,816567e+01
sin;1,500000e-01;8,649756e+00;5,090240e+01
square;1,500000e-01;8,649756e+00;5,449248e+01
saw;1,500000e-01;8,649756e+00;6,084871e+01
sin;1,500000e-01;1,297463e+01;3,435328e+01
square;1,500000e-01;1,297463e+01;4,682285e+01
saw;1,500000e-01;1,297463e+01;4,777540e+01
sin;1,500000e-01;1,946195e+01;2,298858e+01
square;1,500000e-01;1,946195e+01;3,994926e+01
saw;1,500000e-01;1,946195e+01;3,659534e+01
sin;1,500000e-01;2,919293e+01;1,512256e+01
square;1,500000e-01;2,919293e+01;3,482602e+01
saw;1,500000e-01;2,919293e+01;2,886153e+01
sin;1,500000e-01;4,378939e+01;1,010834e+01
square;1,500000e-01;4,378939e+01;3,172147e+01
saw;1,500000e-01;4,378939e+01;2,611768e+01
sin;2,250000e-01;1,000000e-01;5,610282e+02
square;2,250000e-01;1,000000e-01;6,612567e+02
saw;2,250000e-01;1,000000e-01;4,989067e+02
sin;2,250000e-01;1,500000e-01;4,539051e+02
square;2,250000e-01;1,500000e-01;5,129425e+02
saw;2,250000e-01;1,500000e-01;3,852352e+02
sin;2,250000e-01;2,250000e-01;3,782917e+02
square;2,250000e-01;2,250000e-01;3,962956e+02
saw;2,250000e-01;2,250000e-01;3,051530e+02
sin;2,250000e-01;3,375000e-01;3,184798e+02
square;2,250000e-01;3,375000e-01;3,058839e+02
saw;2,250000e-01;3,375000e-01;2,493078e+02
sin;2,250000e-01;5,062500e-01;2,617368e+02
square;2,250000e-01;5,062500e-01;2,354649e+02
saw;2,250000e-01;5,062500e-01;2,058777e+02
sin;2,250000e-01;7,593750e-01;2,059014e+02
square;2,250000e-01;7,593750e-01;1,722725e+02
saw;2,250000e-01;7,593750e-01;1,659808e+02
sin;2,250000e-01;1,139063e+00;1,548462e+02
square;2,250000e-01;1,139063e+00;1,276837e+02
saw;2,250000e-01;1,139063e+00;1,316389e+02
sin;2,250000e-01;1,708594e+00;1,122811e+02
square;2,250000e-01;1,708594e+00;9,139795e+01
saw;2,250000e-01;1,708594e+00;1,027013e+02
sin;2,250000e-01;2,562891e+00;7,926448e+01
square;2,250000e-01;2,562891e+00;6,933589e+01
saw;2,250000e-01;2,562891e+00;8,116759e+01
sin;2,250000e-01;3,844336e+00;5,493482e+01
square;2,250000e-01;3,844336e+00;5,647327e+01
saw;2,250000e-01;3,844336e+00;6,364589e+01
sin;2,250000e-01;5,766504e+00;3,787873e+01
square;2,250000e-01;5,766504e+00;4,790859e+01
saw;2,250000e-01;5,766504e+00;4,981531e+01
sin;2,250000e-01;8,649756e+00;2,603072e+01
square;2,250000e-01;8,649756e+00;4,117380e+01
saw;2,250000e-01;8,649756e+00;3,805705e+01
sin;2,250000e-01;1,297463e+01;1,755995e+01
square;2,250000e-01;1,297463e+01;3,496000e+01
saw;2,250000e-01;1,297463e+01;3,031477e+01
sin;2,250000e-01;1,946195e+01;1,178248e+01
square;2,250000e-01;1,946195e+01;3,297932e+01
saw;2,250000e-01;1,946195e+01;2,718963e+01
sin;2,250000e-01;2,919293e+01;7,889911e+00
square;2,250000e-01;2,919293e+01;3,395897e+01
saw;2,250000e-01;2,919293e+01;3,996255e+04
sin;2,250000e-01;4,378939e+01;5,650600e+00
square;2,250000e-01;4,378939e+01;3,610547e+05
saw;2,250000e-01;4,378939e+01;1,508570e+05
sin;3,375000e-01;1,000000e-01;3,666962e+02
square;3,375000e-01;1,000000e-01;3,975841e+02
saw;3,375000e-01;1,000000e-01;3,132019e+02
sin;3,375000e-01;1,500000e-01;3,120866e+02
square;3,375000e-01;1,500000e-01;3,123076e+02
saw;3,375000e-01;1,500000e-01;2,573338e+02
sin;3,375000e-01;2,250000e-01;2,596064e+02
square;3,375000e-01;2,250000e-01;2,431945e+02
saw;3,375000e-01;2,250000e-01;2,137544e+02
sin;3,375000e-01;3,375000e-01;2,063305e+02
square;3,375000e-01;3,375000e-01;1,821716e+02
saw;3,375000e-01;3,375000e-01;1,734868e+02
sin;3,375000e-01;5,062500e-01;1,563747e+02
square;3,375000e-01;5,062500e-01;1,337548e+02
saw;3,375000e-01;5,062500e-01;1,363311e+02
sin;3,375000e-01;7,593750e-01;1,141298e+02
square;3,375000e-01;7,593750e-01;9,778003e+01
saw;3,375000e-01;7,593750e-01;1,044698e+02
sin;3,375000e-01;1,139063e+00;8,150725e+01
square;3,375000e-01;1,139063e+00;7,172455e+01
saw;3,375000e-01;1,139063e+00;8,100331e+01
sin;3,375000e-01;1,708594e+00;5,731890e+01
square;3,375000e-01;1,708594e+00;5,891132e+01
saw;3,375000e-01;1,708594e+00;6,413141e+01
sin;3,375000e-01;2,562891e+00;4,024345e+01
square;3,375000e-01;2,562891e+00;4,967969e+01
saw;3,375000e-01;2,562891e+00;5,020190e+01
sin;3,375000e-01;3,844336e+00;2,798928e+01
square;3,375000e-01;3,844336e+00;4,127141e+01
saw;3,375000e-01;3,844336e+00;3,884318e+01
sin;3,375000e-01;5,766504e+00;1,930058e+01
square;3,375000e-01;5,766504e+00;3,668830e+01
saw;3,375000e-01;5,766504e+00;3,070950e+01
sin;3,375000e-01;8,649756e+00;1,323768e+01
square;3,375000e-01;8,649756e+00;3,365743e+01
saw;3,375000e-01;8,649756e+00;2,624418e+01
sin;3,375000e-01;1,297463e+01;9,031135e+00
square;3,375000e-01;1,297463e+01;3,760095e+01
saw;3,375000e-01;1,297463e+01;4,256158e+01
sin;3,375000e-01;1,946195e+01;6,422015e+00
square;3,375000e-01;1,946195e+01;1,110964e+05
saw;3,375000e-01;1,946195e+01;1,116303e+05
sin;3,375000e-01;2,919293e+01;5,307930e+00
square;3,375000e-01;2,919293e+01;1,425968e+05
saw;3,375000e-01;2,919293e+01;1,043265e+05
sin;3,375000e-01;4,378939e+01;1,936588e+05
square;3,375000e-01;4,378939e+01;3,138587e+05
saw;3,375000e-01;4,378939e+01;2,472666e+05
sin;5,062500e-01;1,000000e-01;3,143516e+02
square;5,062500e-01;1,000000e-01;2,422784e+02
saw;5,062500e-01;1,000000e-01;3,000708e+02
sin;5,062500e-01;1,500000e-01;2,451321e+02
square;5,062500e-01;1,500000e-01;1,800358e+02
saw;5,062500e-01;1,500000e-01;2,421222e+02
sin;5,062500e-01;2,250000e-01;1,830671e+02
square;5,062500e-01;2,250000e-01;1,308367e+02
saw;5,062500e-01;2,250000e-01;1,881396e+02
sin;5,062500e-01;3,375000e-01;1,306909e+02
square;5,062500e-01;3,375000e-01;9,381269e+01
saw;5,062500e-01;3,375000e-01;1,403367e+02
sin;5,062500e-01;5,062500e-01;9,111755e+01
square;5,062500e-01;5,062500e-01;7,072924e+01
saw;5,062500e-01;5,062500e-01;1,024812e+02
sin;5,062500e-01;7,593750e-01;6,238879e+01
square;5,062500e-01;7,593750e-01;5,675189e+01
saw;5,062500e-01;7,593750e-01;7,565770e+01
sin;5,062500e-01;1,139063e+00;4,236785e+01
square;5,062500e-01;1,139063e+00;4,936042e+01
saw;5,062500e-01;1,139063e+00;5,648337e+01
sin;5,062500e-01;1,708594e+00;2,927946e+01
square;5,062500e-01;1,708594e+00;4,154675e+01
saw;5,062500e-01;1,708594e+00;4,285284e+01
sin;5,062500e-01;2,562891e+00;2,062344e+01
square;5,062500e-01;2,562891e+00;3,671776e+01
saw;5,062500e-01;2,562891e+00;3,352375e+01
sin;5,062500e-01;3,844336e+00;1,435827e+01
square;5,062500e-01;3,844336e+00;3,539507e+01
saw;5,062500e-01;3,844336e+00;2,808744e+01
sin;5,062500e-01;5,766504e+00;9,958275e+00
square;5,062500e-01;5,766504e+00;3,219525e+01
saw;5,062500e-01;5,766504e+00;2,419632e+01
sin;5,062500e-01;8,649756e+00;7,139023e+00
square;5,062500e-01;8,649756e+00;2,918421e+04
saw;5,062500e-01;8,649756e+00;1,163243e+02
sin;5,062500e-01;1,297463e+01;5,971875e+00
square;5,062500e-01;1,297463e+01;3,384013e+04
saw;5,062500e-01;1,297463e+01;3,348964e+04
sin;5,062500e-01;1,946195e+01;1,494403e+04
square;5,062500e-01;1,946195e+01;1,014116e+05
saw;5,062500e-01;1,946195e+01;5,669557e+04
sin;5,062500e-01;2,919293e+01;6,997374e+04
square;5,062500e-01;2,919293e+01;1,288157e+05
saw;5,062500e-01;2,919293e+01;7,107893e+04
sin;5,062500e-01;4,378939e+01;7,530243e+04
square;5,062500e-01;4,378939e+01;4,423108e+05
saw;5,062500e-01;4,378939e+01;3,237009e+05
sin;7,593750e-01;1,000000e-01;1,016007e+03
square;7,593750e-01;1,000000e-01;1,674805e+02
saw;7,593750e-01;1,000000e-01;1,847645e+03
sin;7,593750e-01;1,500000e-01;8,709100e+02
square;7,593750e-01;1,500000e-01;1,292958e+02
saw;7,593750e-01;1,500000e-01;1,535819e+03
sin;7,593750e-01;2,250000e-01;6,713992e+02
square;7,593750e-01;2,250000e-01;1,013403e+02
saw;7,593750e-01;2,250000e-01;1,271711e+03
sin;7,593750e-01;3,375000e-01;8,985979e+01
square;7,593750e-01;3,375000e-01;8,100426e+01
saw;7,593750e-01;3,375000e-01;1,001143e+03
sin;7,593750e-01;5,062500e-01;5,214855e+01
square;7,593750e-01;5,062500e-01;6,729256e+01
saw;7,593750e-01;5,062500e-01;7,616173e+02
sin;7,593750e-01;7,593750e-01;3,295930e+01
square;7,593750e-01;7,593750e-01;5,627310e+01
saw;7,593750e-01;7,593750e-01;4,506197e+02
sin;7,593750e-01;1,139063e+00;2,161748e+01
square;7,593750e-01;1,139063e+00;4,863731e+01
saw;7,593750e-01;1,139063e+00;1,892401e+02
sin;7,593750e-01;1,708594e+00;1,465922e+01
square;7,593750e-01;1,708594e+00;4,304734e+01
saw;7,593750e-01;1,708594e+00;1,726598e+02
sin;7,593750e-01;2,562891e+00;1,031194e+01
square;7,593750e-01;2,562891e+00;3,791292e+01
saw;7,593750e-01;2,562891e+00;1,735206e+02
sin;7,593750e-01;3,844336e+00;7,357973e+00
square;7,593750e-01;3,844336e+00;3,388019e+01
saw;7,593750e-01;3,844336e+00;1,741509e+02
sin;7,593750e-01;5,766504e+00;6,600620e+00
square;7,593750e-01;5,766504e+00;1,082044e+04
saw;7,593750e-01;5,766504e+00;5,251913e+02
sin;7,593750e-01;8,649756e+00;1,215950e+04
square;7,593750e-01;8,649756e+00;1,806039e+04
saw;7,593750e-01;8,649756e+00;3,061431e+04
sin;7,593750e-01;1,297463e+01;1,785518e+04
square;7,593750e-01;1,297463e+01;6,717918e+04
saw;7,593750e-01;1,297463e+01;4,781411e+04
sin;7,593750e-01;1,946195e+01;3,549586e+04
square;7,593750e-01;1,946195e+01;2,727855e+04
saw;7,593750e-01;1,946195e+01;4,711028e+04
sin;7,593750e-01;2,919293e+01;8,628190e+03
square;7,593750e-01;2,919293e+01;5,808454e+04
saw;7,593750e-01;2,919293e+01;8,617072e+04
sin;7,593750e-01;4,378939e+01;2,490672e+04
square;7,593750e-01;4,378939e+01;4,869505e+04
saw;7,593750e-01;4,378939e+01;2,108063e+04
sin;1,139063e+00;1,000000e-01;2,989830e+03
square;1,139063e+00;1,000000e-01;4,111540e+03
saw;1,139063e+00;1,000000e-01;3,569599e+03
sin;1,139063e+00;1,500000e-01;2,688321e+03
square;1,139063e+00;1,500000e-01;3,944995e+03
saw;1,139063e+00;1,500000e-01;3,690390e+03
sin;1,139063e+00;2,250000e-01;2,341356e+03
square;1,139063e+00;2,250000e-01;3,608580e+03
saw;1,139063e+00;2,250000e-01;3,858230e+03
sin;1,139063e+00;3,375000e-01;5,770899e+02
square;1,139063e+00;3,375000e-01;3,152628e+03
saw;1,139063e+00;3,375000e-01;3,928570e+03
sin;1,139063e+00;5,062500e-01;3,751117e+02
square;1,139063e+00;5,062500e-01;8,120187e+02
saw;1,139063e+00;5,062500e-01;3,994501e+03
sin;1,139063e+00;7,593750e-01;2,217769e+01
square;1,139063e+00;7,593750e-01;8,070711e+02
saw;1,139063e+00;7,593750e-01;4,039268e+03
sin;1,139063e+00;1,139063e+00;1,205780e+01
square;1,139063e+00;1,139063e+00;8,049412e+02
saw;1,139063e+00;1,139063e+00;4,082572e+03
sin;1,139063e+00;1,708594e+00;7,761804e+00
square;1,139063e+00;1,708594e+00;8,017616e+02
saw;1,139063e+00;1,708594e+00;4,114600e+03
sin;1,139063e+00;2,562891e+00;6,118950e+00
square;1,139063e+00;2,562891e+00;8,039265e+02
saw;1,139063e+00;2,562891e+00;4,140814e+03
sin;1,139063e+00;3,844336e+00;1,828634e+01
square;1,139063e+00;3,844336e+00;5,477288e+03
saw;1,139063e+00;3,844336e+00;4,167341e+03
sin;1,139063e+00;5,766504e+00;3,713133e+03
square;1,139063e+00;5,766504e+00;4,671726e+03
saw;1,139063e+00;5,766504e+00;7,114810e+03
sin;1,139063e+00;8,649756e+00;9,063443e+03
square;1,139063e+00;8,649756e+00;1,807143e+04
saw;1,139063e+00;8,649756e+00;1,190743e+04
sin;1,139063e+00;1,297463e+01;2,371054e+04
square;1,139063e+00;1,297463e+01;2,676379e+04
saw;1,139063e+00;1,297463e+01;8,733160e+03
sin;1,139063e+00;1,946195e+01;3,677296e+04
square;1,139063e+00;1,946195e+01;3,975786e+04
saw;1,139063e+00;1,946195e+01;1,491131e+04
sin;1,139063e+00;2,919293e+01;4,389416e+04
square;1,139063e+00;2,919293e+01;6,049825e+04
saw;1,139063e+00;2,919293e+01;2,785479e+04
sin;1,139063e+00;4,378939e+01;8,640428e+04
square;1,139063e+00;4,378939e+01;9,474742e+04
saw;1,139063e+00;4,378939e+01;5,175861e+04
sin;1,708594e+00;1,000000e-01;2,827466e+03
square;1,708594e+00;1,000000e-01;4,461641e+03
saw;1,708594e+00;1,000000e-01;3,906482e+03
sin;1,708594e+00;1,500000e-01;2,652922e+03
square;1,708594e+00;1,500000e-01;4,444002e+03
saw;1,708594e+00;1,500000e-01;3,981705e+03
sin;1,708594e+00;2,250000e-01;2,487820e+03
square;1,708594e+00;2,250000e-01;4,363639e+03
saw;1,708594e+00;2,250000e-01;4,043423e+03
sin;1,708594e+00;3,375000e-01;2,284415e+03
square;1,708594e+00;3,375000e-01;4,178554e+03
saw;1,708594e+00;3,375000e-01;4,092426e+03
sin;1,708594e+00;5,062500e-01;2,043865e+03
square;1,708594e+00;5,062500e-01;3,899759e+03
saw;1,708594e+00;5,062500e-01;4,133118e+03
sin;1,708594e+00;7,593750e-01;3,665189e+02
square;1,708594e+00;7,593750e-01;2,612437e+03
saw;1,708594e+00;7,593750e-01;4,167277e+03
sin;1,708594e+00;1,139063e+00;1,467858e+02
square;1,708594e+00;1,139063e+00;8,067250e+02
saw;1,708594e+00;1,139063e+00;4,192677e+03
sin;1,708594e+00;1,708594e+00;5,302967e+00
square;1,708594e+00;1,708594e+00;8,049262e+02
saw;1,708594e+00;1,708594e+00;4,218064e+03
sin;1,708594e+00;2,562891e+00;6,385446e+00
square;1,708594e+00;2,562891e+00;7,617929e+02
saw;1,708594e+00;2,562891e+00;4,240060e+03
sin;1,708594e+00;3,844336e+00;2,251567e+03
square;1,708594e+00;3,844336e+00;5,202151e+03
saw;1,708594e+00;3,844336e+00;7,462010e+03
sin;1,708594e+00;5,766504e+00;3,502902e+03
square;1,708594e+00;5,766504e+00;7,895716e+03
saw;1,708594e+00;5,766504e+00;1,144237e+04
sin;1,708594e+00;8,649756e+00;4,577561e+03
square;1,708594e+00;8,649756e+00;8,901412e+03
saw;1,708594e+00;8,649756e+00;2,432547e+04
sin;1,708594e+00;1,297463e+01;5,364002e+03
square;1,708594e+00;1,297463e+01;1,570692e+04
saw;1,708594e+00;1,297463e+01;6,081784e+03
sin;1,708594e+00;1,946195e+01;9,325117e+03
square;1,708594e+00;1,946195e+01;2,203415e+04
saw;1,708594e+00;1,946195e+01;1,627504e+04
sin;1,708594e+00;2,919293e+01;2,853101e+04
square;1,708594e+00;2,919293e+01;3,208751e+04
saw;1,708594e+00;2,919293e+01;9,643872e+03
sin;1,708594e+00;4,378939e+01;1,261826e+05
square;1,708594e+00;4,378939e+01;4,820492e+04
saw;1,708594e+00;4,378939e+01;1,660002e+04
sin;2,562891e+00;1,000000e-01;2,683258e+03
square;2,562891e+00;1,000000e-01;2,889009e+03
saw;2,562891e+00;1,000000e-01;4,061177e+03
sin;2,562891e+00;1,500000e-01;2,587854e+03
square;2,562891e+00;1,500000e-01;2,889009e+03
saw;2,562891e+00;1,500000e-01;4,111997e+03
sin;2,562891e+00;2,250000e-01;2,488380e+03
square;2,562891e+00;2,250000e-01;2,889009e+03
saw;2,562891e+00;2,250000e-01;4,154678e+03
sin;2,562891e+00;3,375000e-01;2,427477e+03
square;2,562891e+00;3,375000e-01;2,889009e+03
saw;2,562891e+00;3,375000e-01;4,187702e+03
sin;2,562891e+00;5,062500e-01;2,255772e+03
square;2,562891e+00;5,062500e-01;2,889009e+03
saw;2,562891e+00;5,062500e-01;4,218556e+03
sin;2,562891e+00;7,593750e-01;2,022995e+03
square;2,562891e+00;7,593750e-01;2,889009e+03
saw;2,562891e+00;7,593750e-01;4,239833e+03
sin;2,562891e+00;1,139063e+00;1,765626e+03
square;2,562891e+00;1,139063e+00;2,889009e+03
saw;2,562891e+00;1,139063e+00;4,256723e+03
sin;2,562891e+00;1,708594e+00;1,361105e+03
square;2,562891e+00;1,708594e+00;2,889009e+03
saw;2,562891e+00;1,708594e+00;4,278270e+03
sin;2,562891e+00;2,562891e+00;1,855984e+03
square;2,562891e+00;2,562891e+00;2,889009e+03
saw;2,562891e+00;2,562891e+00;6,404873e+03
sin;2,562891e+00;3,844336e+00;1,891688e+03
square;2,562891e+00;3,844336e+00;2,889009e+03
saw;2,562891e+00;3,844336e+00;4,334532e+03
sin;2,562891e+00;5,766504e+00;4,224839e+03
square;2,562891e+00;5,766504e+00;2,889009e+03
saw;2,562891e+00;5,766504e+00;4,498810e+03
sin;2,562891e+00;8,649756e+00;5,307297e+03
square;2,562891e+00;8,649756e+00;2,889009e+03
saw;2,562891e+00;8,649756e+00;1,104959e+04
sin;2,562891e+00;1,297463e+01;1,417851e+04
square;2,562891e+00;1,297463e+01;2,889009e+03
saw;2,562891e+00;1,297463e+01;1,744021e+04
sin;2,562891e+00;1,946195e+01;4,217704e+04
square;2,562891e+00;1,946195e+01;2,889009e+03
saw;2,562891e+00;1,946195e+01;3,173844e+04
sin;2,562891e+00;2,919293e+01;4,829351e+04
square;2,562891e+00;2,919293e+01;2,889009e+03
saw;2,562891e+00;2,919293e+01;8,454189e+04
sin;2,562891e+00;4,378939e+01;1,171304e+05
square;2,562891e+00;4,378939e+01;2,889009e+03
saw;2,562891e+00;4,378939e+01;5,752782e+04
sin;3,844336e+00;1,000000e-01;2,591804e+03
square;3,844336e+00;1,000000e-01;2,889009e+03
saw;3,844336e+00;1,000000e-01;4,159461e+03
sin;3,844336e+00;1,500000e-01;2,536504e+03
square;3,844336e+00;1,500000e-01;2,889009e+03
saw;3,844336e+00;1,500000e-01;4,194523e+03
sin;3,844336e+00;2,250000e-01;2,462098e+03
square;3,844336e+00;2,250000e-01;2,889009e+03
saw;3,844336e+00;2,250000e-01;4,220679e+03
sin;3,844336e+00;3,375000e-01;2,397422e+03
square;3,844336e+00;3,375000e-01;2,889009e+03
saw;3,844336e+00;3,375000e-01;4,244195e+03
sin;3,844336e+00;5,062500e-01;2,332368e+03
square;3,844336e+00;5,062500e-01;2,889009e+03
saw;3,844336e+00;5,062500e-01;4,262696e+03
sin;3,844336e+00;7,593750e-01;2,170222e+03
square;3,844336e+00;7,593750e-01;2,889009e+03
saw;3,844336e+00;7,593750e-01;4,275440e+03
sin;3,844336e+00;1,139063e+00;2,051004e+03
square;3,844336e+00;1,139063e+00;2,889009e+03
saw;3,844336e+00;1,139063e+00;4,280749e+03
sin;3,844336e+00;1,708594e+00;1,814810e+03
square;3,844336e+00;1,708594e+00;2,889009e+03
saw;3,844336e+00;1,708594e+00;4,289903e+03
sin;3,844336e+00;2,562891e+00;1,617057e+03
square;3,844336e+00;2,562891e+00;2,889009e+03
saw;3,844336e+00;2,562891e+00;8,866319e+03
sin;3,844336e+00;3,844336e+00;1,057039e+03
square;3,844336e+00;3,844336e+00;2,889009e+03
saw;3,844336e+00;3,844336e+00;2,497503e+03
sin;3,844336e+00;5,766504e+00;3,548033e+03
square;3,844336e+00;5,766504e+00;2,889009e+03
saw;3,844336e+00;5,766504e+00;6,137913e+03
sin;3,844336e+00;8,649756e+00;1,592704e+04
square;3,844336e+00;8,649756e+00;2,889009e+03
saw;3,844336e+00;8,649756e+00;1,452260e+04
sin;3,844336e+00;1,297463e+01;1,244711e+04
square;3,844336e+00;1,297463e+01;2,889009e+03
saw;3,844336e+00;1,297463e+01;1,720302e+04
sin;3,844336e+00;1,946195e+01;3,337390e+04
square;3,844336e+00;1,946195e+01;2,889009e+03
saw;3,844336e+00;1,946195e+01;3,921693e+04
sin;3,844336e+00;2,919293e+01;9,382547e+03
square;3,844336e+00;2,919293e+01;2,889009e+03
saw;3,844336e+00;2,919293e+01;1,122112e+03
sin;3,844336e+00;4,378939e+01;4,255585e+04
square;3,844336e+00;4,378939e+01;2,889009e+03
saw;3,844336e+00;4,378939e+01;1,410583e+03
sin;5,766504e+00;1,000000e-01;2,529683e+03
square;5,766504e+00;1,000000e-01;2,889009e+03
saw;5,766504e+00;1,000000e-01;4,213807e+03
sin;5,766504e+00;1,500000e-01;2,495702e+03
square;5,766504e+00;1,500000e-01;2,889009e+03
saw;5,766504e+00;1,500000e-01;4,242097e+03
sin;5,766504e+00;2,250000e-01;2,470469e+03
square;5,766504e+00;2,250000e-01;2,889009e+03
saw;5,766504e+00;2,250000e-01;4,262691e+03
sin;5,766504e+00;3,375000e-01;2,403584e+03
square;5,766504e+00;3,375000e-01;2,889009e+03
saw;5,766504e+00;3,375000e-01;4,270165e+03
sin;5,766504e+00;5,062500e-01;2,342628e+03
square;5,766504e+00;5,062500e-01;2,889009e+03
saw;5,766504e+00;5,062500e-01;4,274643e+03
sin;5,766504e+00;7,593750e-01;2,267685e+03
square;5,766504e+00;7,593750e-01;2,889009e+03
saw;5,766504e+00;7,593750e-01;4,296632e+03
sin;5,766504e+00;1,139063e+00;2,248447e+03
square;5,766504e+00;1,139063e+00;2,889009e+03
saw;5,766504e+00;1,139063e+00;1,269674e+03
sin;5,766504e+00;1,708594e+00;2,120713e+03
square;5,766504e+00;1,708594e+00;2,889009e+03
saw;5,766504e+00;1,708594e+00;7,262721e+03
sin;5,766504e+00;2,562891e+00;1,582363e+03
square;5,766504e+00;2,562891e+00;2,889009e+03
saw;5,766504e+00;2,562891e+00;1,119515e+03
sin;5,766504e+00;3,844336e+00;1,310261e+03
square;5,766504e+00;3,844336e+00;2,889009e+03
saw;5,766504e+00;3,844336e+00;2,763893e+03
sin;5,766504e+00;5,766504e+00;9,091120e+03
square;5,766504e+00;5,766504e+00;2,889009e+03
saw;5,766504e+00;5,766504e+00;7,815178e+03
sin;5,766504e+00;8,649756e+00;6,224511e+03
square;5,766504e+00;8,649756e+00;2,889009e+03
saw;5,766504e+00;8,649756e+00;1,194365e+04
sin;5,766504e+00;1,297463e+01;6,969937e+03
square;5,766504e+00;1,297463e+01;2,889009e+03
saw;5,766504e+00;1,297463e+01;1,878432e+04
sin;5,766504e+00;1,946195e+01;1,050988e+04
square;5,766504e+00;1,946195e+01;2,889009e+03
saw;5,766504e+00;1,946195e+01;6,751647e+03
sin;5,766504e+00;2,919293e+01;2,943301e+03
square;5,766504e+00;2,919293e+01;2,889009e+03
saw;5,766504e+00;2,919293e+01;1,429747e+03
sin;5,766504e+00;4,378939e+01;1,118778e+04
square;5,766504e+00;4,378939e+01;2,889009e+03
saw;5,766504e+00;4,378939e+01;1,382142e+03
sin;8,649756e+00;1,000000e-01;2,497023e+03
square;8,649756e+00;1,000000e-01;2,889009e+03
saw;8,649756e+00;1,000000e-01;4,285559e+03
sin;8,649756e+00;1,500000e-01;2,440495e+03
square;8,649756e+00;1,500000e-01;2,889009e+03
saw;8,649756e+00;1,500000e-01;4,295633e+03
sin;8,649756e+00;2,250000e-01;2,439781e+03
square;8,649756e+00;2,250000e-01;2,889009e+03
saw;8,649756e+00;2,250000e-01;4,317071e+03
sin;8,649756e+00;3,375000e-01;2,414712e+03
square;8,649756e+00;3,375000e-01;2,889009e+03
saw;8,649756e+00;3,375000e-01;4,326713e+03
sin;8,649756e+00;5,062500e-01;2,457332e+03
square;8,649756e+00;5,062500e-01;2,889009e+03
saw;8,649756e+00;5,062500e-01;4,291910e+03
sin;8,649756e+00;7,593750e-01;2,276920e+03
square;8,649756e+00;7,593750e-01;2,889009e+03
saw;8,649756e+00;7,593750e-01;1,543502e+03
sin;8,649756e+00;1,139063e+00;1,430373e+03
square;8,649756e+00;1,139063e+00;2,889009e+03
saw;8,649756e+00;1,139063e+00;5,221338e+03
sin;8,649756e+00;1,708594e+00;1,462234e+03
square;8,649756e+00;1,708594e+00;2,889009e+03
saw;8,649756e+00;1,708594e+00;1,466142e+03
sin;8,649756e+00;2,562891e+00;7,207860e+03
square;8,649756e+00;2,562891e+00;2,889009e+03
saw;8,649756e+00;2,562891e+00;1,598083e+03
sin;8,649756e+00;3,844336e+00;2,343396e+03
square;8,649756e+00;3,844336e+00;2,889009e+03
saw;8,649756e+00;3,844336e+00;7,070364e+03
sin;8,649756e+00;5,766504e+00;9,476044e+03
square;8,649756e+00;5,766504e+00;2,889009e+03
saw;8,649756e+00;5,766504e+00;9,782720e+03
sin;8,649756e+00;8,649756e+00;6,936123e+03
square;8,649756e+00;8,649756e+00;2,889009e+03
saw;8,649756e+00;8,649756e+00;1,092151e+04
sin;8,649756e+00;1,297463e+01;1,214130e+04
square;8,649756e+00;1,297463e+01;2,889009e+03
saw;8,649756e+00;1,297463e+01;1,256011e+03
sin;8,649756e+00;1,946195e+01;1,995139e+04
square;8,649756e+00;1,946195e+01;2,889009e+03
saw;8,649756e+00;1,946195e+01;1,197565e+03
sin;8,649756e+00;2,919293e+01;3,487499e+04
square;8,649756e+00;2,919293e+01;2,889009e+03
saw;8,649756e+00;2,919293e+01;1,825448e+04
sin;8,649756e+00;4,378939e+01;5,587007e+04
square;8,649756e+00;4,378939e+01;2,889009e+03
saw;8,649756e+00;4,378939e+01;1,487322e+03
sin;1,297463e+01;1,000000e-01;2,517084e+03
square;1,297463e+01;1,000000e-01;2,889009e+03
saw;1,297463e+01;1,000000e-01;4,270059e+03
sin;1,297463e+01;1,500000e-01;2,417532e+03
square;1,297463e+01;1,500000e-01;2,889009e+03
saw;1,297463e+01;1,500000e-01;4,282517e+03
sin;1,297463e+01;2,250000e-01;2,512275e+03
square;1,297463e+01;2,250000e-01;2,889009e+03
saw;1,297463e+01;2,250000e-01;4,273412e+03
sin;1,297463e+01;3,375000e-01;2,406501e+03
square;1,297463e+01;3,375000e-01;2,889009e+03
saw;1,297463e+01;3,375000e-01;4,274969e+03
sin;1,297463e+01;5,062500e-01;1,493689e+03
square;1,297463e+01;5,062500e-01;2,889009e+03
saw;1,297463e+01;5,062500e-01;3,984119e+03
sin;1,297463e+01;7,593750e-01;2,208550e+03
square;1,297463e+01;7,593750e-01;2,889009e+03
saw;1,297463e+01;7,593750e-01;2,373367e+03
sin;1,297463e+01;1,139063e+00;2,045211e+03
square;1,297463e+01;1,139063e+00;2,889009e+03
saw;1,297463e+01;1,139063e+00;1,190675e+03
sin;1,297463e+01;1,708594e+00;2,090267e+03
square;1,297463e+01;1,708594e+00;2,889009e+03
saw;1,297463e+01;1,708594e+00;1,483528e+03
sin;1,297463e+01;2,562891e+00;7,229230e+03
square;1,297463e+01;2,562891e+00;2,889009e+03
saw;1,297463e+01;2,562891e+00;5,879709e+03
sin;1,297463e+01;3,844336e+00;5,877841e+03
square;1,297463e+01;3,844336e+00;2,889009e+03
saw;1,297463e+01;3,844336e+00;7,004324e+03
sin;1,297463e+01;5,766504e+00;8,418024e+03
square;1,297463e+01;5,766504e+00;2,889009e+03
saw;1,297463e+01;5,766504e+00;1,690064e+03
sin;1,297463e+01;8,649756e+00;9,870561e+03
square;1,297463e+01;8,649756e+00;2,889009e+03
saw;1,297463e+01;8,649756e+00;1,931977e+03
sin;1,297463e+01;1,297463e+01;1,377094e+04
square;1,297463e+01;1,297463e+01;2,889009e+03
saw;1,297463e+01;1,297463e+01;1,427819e+03
sin;1,297463e+01;1,946195e+01;2,221187e+04
square;1,297463e+01;1,946195e+01;2,889009e+03
saw;1,297463e+01;1,946195e+01;1,270945e+03
sin;1,297463e+01;2,919293e+01;3,003728e+04
square;1,297463e+01;2,919293e+01;2,889009e+03
saw;1,297463e+01;2,919293e+01;8,173742e+02
sin;1,297463e+01;4,378939e+01;8,887293e+03
square;1,297463e+01;4,378939e+01;2,889009e+03
saw;1,297463e+01;4,378939e+01;2,147194e+04
sin;1,946195e+01;1,000000e-01;2,491905e+03
square;1,946195e+01;1,000000e-01;2,889009e+03
saw;1,946195e+01;1,000000e-01;4,301017e+03
sin;1,946195e+01;1,500000e-01;2,299994e+03
square;1,946195e+01;1,500000e-01;2,889009e+03
saw;1,946195e+01;1,500000e-01;4,310174e+03
sin;1,946195e+01;2,250000e-01;2,360379e+03
square;1,946195e+01;2,250000e-01;2,889009e+03
saw;1,946195e+01;2,250000e-01;4,318768e+03
sin;1,946195e+01;3,375000e-01;2,114156e+03
square;1,946195e+01;3,375000e-01;2,889009e+03
saw;1,946195e+01;3,375000e-01;4,484774e+03
sin;1,946195e+01;5,062500e-01;3,592997e+03
square;1,946195e+01;5,062500e-01;2,889009e+03
saw;1,946195e+01;5,062500e-01;2,619115e+03
sin;1,946195e+01;7,593750e-01;3,257767e+03
square;1,946195e+01;7,593750e-01;2,889009e+03
saw;1,946195e+01;7,593750e-01;1,589273e+03
sin;1,946195e+01;1,139063e+00;2,237170e+03
square;1,946195e+01;1,139063e+00;2,889009e+03
saw;1,946195e+01;1,139063e+00;1,483664e+03
sin;1,946195e+01;1,708594e+00;1,306399e+03
square;1,946195e+01;1,708594e+00;2,889009e+03
saw;1,946195e+01;1,708594e+00;5,591446e+03
sin;1,946195e+01;2,562891e+00;2,075019e+03
square;1,946195e+01;2,562891e+00;2,889009e+03
saw;1,946195e+01;2,562891e+00;5,353214e+03
sin;1,946195e+01;3,844336e+00;1,419604e+03
square;1,946195e+01;3,844336e+00;2,889009e+03
saw;1,946195e+01;3,844336e+00;1,984194e+03
sin;1,946195e+01;5,766504e+00;1,494336e+03
square;1,946195e+01;5,766504e+00;2,889009e+03
saw;1,946195e+01;5,766504e+00;1,867922e+03
sin;1,946195e+01;8,649756e+00;1,466394e+03
square;1,946195e+01;8,649756e+00;2,889009e+03
saw;1,946195e+01;8,649756e+00;1,748413e+03
sin;1,946195e+01;1,297463e+01;4,491854e+03
square;1,946195e+01;1,297463e+01;2,889009e+03
saw;1,946195e+01;1,297463e+01;4,674929e+02
sin;1,946195e+01;1,946195e+01;3,493432e+03
square;1,946195e+01;1,946195e+01;2,889009e+03
saw;1,946195e+01;1,946195e+01;1,432966e+03
sin;1,946195e+01;2,919293e+01;4,460794e+03
square;1,946195e+01;2,919293e+01;2,889009e+03
saw;1,946195e+01;2,919293e+01;1,346709e+03
sin;1,946195e+01;4,378939e+01;6,926634e+03
square;1,946195e+01;4,378939e+01;2,889009e+03
saw;1,946195e+01;4,378939e+01;1,211688e+03
sin;2,919293e+01;1,000000e-01;2,386735e+03
square;2,919293e+01;1,000000e-01;2,889009e+03
saw;2,919293e+01;1,000000e-01;4,344917e+03
sin;2,919293e+01;1,500000e-01;2,321047e+03
square;2,919293e+01;1,500000e-01;2,889009e+03
saw;2,919293e+01;1,500000e-01;4,320613e+03
sin;2,919293e+01;2,250000e-01;2,298094e+03
square;2,919293e+01;2,250000e-01;2,889009e+03
saw;2,919293e+01;2,250000e-01;4,315659e+03
sin;2,919293e+01;3,375000e-01;2,975538e+03
square;2,919293e+01;3,375000e-01;2,889009e+03
saw;2,919293e+01;3,375000e-01;4,285238e+03
sin;2,919293e+01;5,062500e-01;2,358906e+03
square;2,919293e+01;5,062500e-01;2,889009e+03
saw;2,919293e+01;5,062500e-01;1,864602e+03
sin;2,919293e+01;7,593750e-01;2,203682e+03
square;2,919293e+01;7,593750e-01;2,889009e+03
saw;2,919293e+01;7,593750e-01;1,853680e+03
sin;2,919293e+01;1,139063e+00;2,561537e+03
square;2,919293e+01;1,139063e+00;2,889009e+03
saw;2,919293e+01;1,139063e+00;5,093719e+03
sin;2,919293e+01;1,708594e+00;2,469536e+03
square;2,919293e+01;1,708594e+00;2,889009e+03
saw;2,919293e+01;1,708594e+00;5,370912e+03
sin;2,919293e+01;2,562891e+00;2,127370e+03
square;2,919293e+01;2,562891e+00;2,889009e+03
saw;2,919293e+01;2,562891e+00;2,222963e+03
sin;2,919293e+01;3,844336e+00;9,395984e+02
square;2,919293e+01;3,844336e+00;2,889009e+03
saw;2,919293e+01;3,844336e+00;2,167453e+03
sin;2,919293e+01;5,766504e+00;1,447398e+03
square;2,919293e+01;5,766504e+00;2,889009e+03
saw;2,919293e+01;5,766504e+00;2,087663e+03
sin;2,919293e+01;8,649756e+00;2,404402e+03
square;2,919293e+01;8,649756e+00;2,889009e+03
saw;2,919293e+01;8,649756e+00;1,969994e+03
sin;2,919293e+01;1,297463e+01;3,330329e+03
square;2,919293e+01;1,297463e+01;2,889009e+03
saw;2,919293e+01;1,297463e+01;1,844418e+03
sin;2,919293e+01;1,946195e+01;5,678034e+03
square;2,919293e+01;1,946195e+01;2,889009e+03
saw;2,919293e+01;1,946195e+01;1,681991e+03
sin;2,919293e+01;2,919293e+01;7,983488e+03
square;2,919293e+01;2,919293e+01;2,889009e+03
saw;2,919293e+01;2,919293e+01;5,305574e+02
sin;2,919293e+01;4,378939e+01;1,735878e+04
square;2,919293e+01;4,378939e+01;2,889009e+03
saw;2,919293e+01;4,378939e+01;1,395059e+03
sin;4,378939e+01;1,000000e-01;2,677063e+03
square;4,378939e+01;1,000000e-01;2,889009e+03
saw;4,378939e+01;1,000000e-01;4,350870e+03
sin;4,378939e+01;1,500000e-01;2,677063e+03
square;4,378939e+01;1,500000e-01;2,889009e+03
saw;4,378939e+01;1,500000e-01;4,395464e+03
sin;4,378939e+01;2,250000e-01;2,677064e+03
square;4,378939e+01;2,250000e-01;2,889009e+03
saw;4,378939e+01;2,250000e-01;2,442236e+03
sin;4,378939e+01;3,375000e-01;2,677064e+03
square;4,378939e+01;3,375000e-01;2,889009e+03
saw;4,378939e+01;3,375000e-01;2,786611e+03
sin;4,378939e+01;5,062500e-01;2,677063e+03
square;4,378939e+01;5,062500e-01;2,889009e+03
saw;4,378939e+01;5,062500e-01;2,090887e+03
sin;4,378939e+01;7,593750e-01;2,677063e+03
square;4,378939e+01;7,593750e-01;2,889009e+03
saw;4,378939e+01;7,593750e-01;1,780292e+03
sin;4,378939e+01;1,139063e+00;2,677063e+03
square;4,378939e+01;1,139063e+00;2,889009e+03
saw;4,378939e+01;1,139063e+00;1,417320e+03
sin;4,378939e+01;1,708594e+00;2,677063e+03
square;4,378939e+01;1,708594e+00;2,889009e+03
saw;4,378939e+01;1,708594e+00;1,234282e+03
sin;4,378939e+01;2,562891e+00;2,677064e+03
square;4,378939e+01;2,562891e+00;2,889009e+03
saw;4,378939e+01;2,562891e+00;1,352600e+03
sin;4,378939e+01;3,844336e+00;2,677063e+03
square;4,378939e+01;3,844336e+00;2,889009e+03
saw;4,378939e+01;3,844336e+00;4,716496e+03
sin;4,378939e+01;5,766504e+00;2,677064e+03
square;4,378939e+01;5,766504e+00;2,889009e+03
saw;4,378939e+01;5,766504e+00;6,709259e+03
sin;4,378939e+01;8,649756e+00;2,677063e+03
square;4,378939e+01;8,649756e+00;2,889009e+03
saw;4,378939e+01;8,649756e+00;2,362381e+03
sin;4,378939e+01;1,297463e+01;2,677064e+03
square;4,378939e+01;1,297463e+01;2,889009e+03
saw;4,378939e+01;1,297463e+01;2,285366e+03
sin;4,378939e+01;1,946195e+01;2,677063e+03
square;4,378939e+01;1,946195e+01;2,889009e+03
saw;4,378939e+01;1,946195e+01;2,193124e+03
sin;4,378939e+01;2,919293e+01;2,677063e+03
square;4,378939e+01;2,919293e+01;2,889009e+03
saw;4,378939e+01;2,919293e+01;2,095245e+03
sin;4,378939e+01;4,378939e+01;2,677064e+03
square;4,378939e+01;4,378939e+01;2,889009e+03
saw;4,378939e+01;4,378939e+01;1,983153e+03
